0.48669782070143554900
0.55735691221030888900
0.46999999999999993600
0.46237615494054542800
0.46574770715208136900
0.47000000000000000000
0.46999999999999993600
0.47712688767549336000
0.47634149084265106400
0.49998452380952381000
0.49899999999999993600
0.48999999999999993600
0.52095170508331577100
0.43000000000000000000
0.49000000000000000000
0.46474566388888888900
0.46270582569444444400
0.47617023472222222200
0.56025924181448671400
0.55606242000130688500
0.56257173740317956800
0.69608831419767900300
0.66192563042586453200
0.53049326111111111100
0.53073607604166666700
0.60628801189445608000
0.56560803969542632200
0.56416662103711911500
0.56656247278731125500
0.55490740740740740800
0.57242572715193457400
0.63062194089206999700
0.31000000000000000000
0.56831307093041578600
0.64464278153111536700
0.56015133875587861000
0.61000000000000000000
0.59084371915314457600
0.58900000000000000000
0.57775112896450896800
0.58900000000000000000
0.78642070246576215200
0.49974392361111111200
0.49980902777777777800
0.55057118286921187500
0.49994184027777777800
0.92500000000000000000
0.58116147448303023600
0.86400000000000000000
0.57876663360695208400
0.69345126164023280900
0.61984456450173611100
0.63360886530718233300
0.61605168112806584100
0.60491625398248526500
0.64917634000991706800
0.60082290415783524700
0.66118793289378165500
0.65816901997951607200
0.64697406089751352200
0.54360547508461088100
0.64862847959102181300
0.65917294657230445900
0.63478931029119820100
0.72207563838856895600
0.71062808031790988400
0.70996738702303846100
0.69000000000000000000
0.62000000000000000000
0.60292800303794178300
0.61159926580596180900
0.50301688195661147900
0.63171420072734260800
0.55000000000000000000
0.48969514234634091300
0.47375103095763066000
0.53395764753674405700
0.65457030812389996000
0.46852974751077249900
0.68121864972909419700
0.50000000000000000000
0.42471890916666666700
0.69900000000000000000
0.58999999999999987200
0.48999999999999993600
0.62734650701143624300
0.47497702453128170700
0.56393056056690742100
0.49067191751579362400
0.49690676864604641200
0.73544618610848700800
0.47851424574074074100
0.46581730315519516300
0.54664937019805983500
0.52977406010591940200
0.53702001732886795800
1.00000000000000000000
0.49315127886826349500
0.63156229359218466200
0.55424764308424876400
0.48999999999999993600
0.49382322475740740700
0.49899999999999993600
0.64946432129490336700
0.52000000000000000000
0.50000000000000000000
0.59491266719600943400
0.47062007698112350700
1.50000000000000000000
0.88000000000000000000
0.54278044921852058900
0.57996109642962360000
0.48286574074074074100
0.47375439814814814900
0.58000000000000000000
0.88180000000000000000
0.54000000000000000000
0.50000000000000000000
0.51908281865261731100
0.50000000000000000000
0.50000000000000000000
0.69836580469282803500
0.57269909642239042600
0.83782006881782990400
0.65977083333333333400
0.69139737609908213500
0.71885991488425925900
0.87213085833333333300
0.80704194810386940000
0.77007199083333333300
0.79000000000000000000
0.71000000000000000000
0.70144244495370370400
0.75000000000000000000
1.47000000000000000000
0.81161294100593589100
1.50000000000000000000
0.68168185798206018500
0.61934672013425925900
0.70160488031250000000
0.69236513806793981500
1.01107992354365266300
0.66368254227777777800
1.82030996306837674700
2.85000000000000000000
1.18760828628285312700
0.07000000000000000000
1.31629695666666666700
0.06485615079365079000
0.25000000000000000000
1.00000000000000000000
1.19000000000000000000
1.25105651407547180300
0.94202505197222222200
1.08419270833333333400
1.10374450906250000000
1.20108556740310524200
0.99472222222222222300
1.28000000000000000000
1.50000000000000000000
1.64000000000000000000
1.30700000000000000000
1.76000000000000000000
2.10000000000000000000
1.40697460541279879200
1.40000000000000000000
1.19695601851851851900
1.00074556574074074100
1.27000000000000000000
1.27000000000000000000
1.25710834641203703700
1.50000000000000000000
1.55951765034000404000
1.54187602506699715900
1.23897777777777777800
1.21000000000000000000
1.58819790647455793500
1.18668778104166666700
1.30000000000000000000
1.20000000000000000000
