0.00478870775393518500
0.00800000000000000000
0.00314420565547839500
0.00300000000000000000
0.00900000000000000000
0.00400000000000000000
0.00950921211053240700
0.00407812826770833300
0.00310988533194444400
0.00973948452083333300
0.00300000000000000000
0.02800000000000000000
0.00321572748305555600
0.00400000000000000000
0.00500000000000000000
0.00390223039866071400
0.00500000000000000000
0.00500000000000000000
0.00500000000000000000
0.00240231379629629600
0.00500000000000000000
0.02500000000000000000
0.00500000000000000000
0.09000000000000000000
0.00300000000000000000
0.00326696990416666700
0.00381594844550264600
0.00500000000000000000
0.03500000000000000000
0.00317716411493055600
0.02010386923423611100
0.01993432936764814800
0.02300000000000000000
0.00400000000000000000
0.00400000000000000000
0.00800000000000000000
0.00500000000000000000
0.00500000000000000000
0.00600000000000000000
0.04000000000000000000
0.00500000000000000000
0.00370595368271604900
0.03000000000000000000
0.00285523348240740700
0.02000000000000000000
0.00291996548530092600
0.00350528686730158700
0.00298714488784722200
0.00400000000000000000
0.08600000000000000000
0.00900000000000000000
0.00378298984583333300
0.03602055609259259300
0.00400000000000000000
0.00981396844166666700
0.00435296219560185200
0.00500000000000000000
0.00500000000000000000
0.00500000000000000000
0.00600000000000000000
0.01544177583559854500
0.01500000000000000000
0.08818501570138888900
0.20000000000000000000
0.09000000000000000000
0.00400000000000000000
0.00380606106333333300
0.04000000000000000000
0.01200000000000000000
0.00420875735408950600
0.01000000000000000000
0.01253167044328703700
0.00400000000000000000
0.02172351594672619000
0.11100000000000000000
0.00400399999999999900
0.00400399999999999900
0.00400399999999999900
0.00400399999999999900
0.00393393000000000000
0.00400399999999999900
0.00378378000000000000
0.00393393000000000000
0.00100000000000000000
0.00198626694976851900
0.00199233114334490700
0.00400000000000000000
0.00352722054045781900
0.00379662897505787000
0.04900000000000000000
0.04000000000000000000
0.00800000000000000000
0.04500000000000000000
0.04500000000000000000
0.04000000000000000000
0.04000000000000000000
0.04000000000000000000
0.04000000000000000000
0.04000000000000000000
0.03100000000000000000
0.04000000000000000000
0.02600000000000000000
0.03500000000000000000
0.02200000000000000000
0.03400000000000000000
0.03000000000000000000
0.01900000000000000000
0.01198133069959876500
0.02000000000000000000
0.01574181449513888900
0.01700000000000000000
0.00500000000000000000
0.00600000000000000000
0.00500000000000000000
0.01000000000000000000
0.00400000000000000000
0.02800000000000000000
0.00660654554583333300
0.02400000000000000000
0.02300000000000000000
0.02300000000000000000
0.02000000000000000000
0.02000000000000000000
0.02000000000000000000
0.01900000000000000000
0.01800000000000000000
0.02000000000000000000
0.02000000000000000000
0.00900000000000000000
0.02500000000000000000
0.13000000000000000000
0.01500000000000000000
0.50000000000000000000
0.01190414434085648100
0.01216879600592592600
0.01100000000000000000
0.01100000000000000000
0.05000000000000000000
0.00359680097993827200
0.00900346988262671300
0.00400000000000000000
0.00400000000000000000
0.00352081356579861100
0.01000000000000000000
0.00372688384293981500
0.00358517089655172400
0.00300000000000000000
0.00500000000000000000
0.00500000000000000000
0.00268038697777777800
0.00500000000000000000
0.06701681054861111100
0.00289675508518518500
0.00241313322847222200
0.00237737629236111100
0.00357527173993055600
0.00227422966805555600
0.00360351098379629600
0.00300000000000000000
0.00721957372850694400
0.00300000000000000000
0.00681581327356150800
0.00289289000000000000
0.10000000000000000000
0.00400000000000000000
0.01600000000000000000
0.00800000000000000000
0.00500000000000000000
0.00326326000000000000
0.00785500055462963000
0.00363239710055555600
0.00500000000000000000
0.00468276103472222200
0.01000000000000000000
0.00500000000000000000
0.00300300000000000000
0.06900000000000000000
0.00390728647777777800
0.00400000000000000000
0.00396719333225308600
