0.00700000000000000000
0.05000000000000000000
0.00300000000000000000
0.01900000000000000000
0.00800000000000000000
0.00300000000000000000
0.00285783870092592600
0.00779973932777777800
0.00304397561458333300
0.00317089153931327200
0.00500000000000000000
0.00800000000000000000
0.01000000000000000000
0.00169256006875000000
0.02000000000000000000
0.00395726480267857100
0.00500000000000000000
0.00500000000000000000
0.00600000000000000000
0.00500000000000000000
0.00500000000000000000
0.00500000000000000000
0.00500000000000000000
0.00500000000000000000
0.06000000000000000000
0.00400000000000000000
0.00328506842443287000
0.02084085602497106500
0.00500000000000000000
0.00500000000000000000
0.04000000000000000000
0.00500000000000000000
0.00500000000000000000
0.00314706000038580200
0.00491377219166666700
0.00400000000000000000
0.00207710336741071400
0.00385230358865740700
0.00300000000000000000
0.28140297898148148100
0.00166231483888888900
0.00500000000000000000
0.00335952459942129600
0.00387997647569444400
0.02100000000000000000
0.00500000000000000000
0.00368684097650908100
0.02500000000000000000
0.11100000000000000000
0.11100000000000000000
0.11100000000000000000
0.02014642673611111100
0.00400000000000000000
0.00400000000000000000
0.00400000000000000000
0.00399231399216821000
0.00393225042563657400
0.01800000000000000000
0.00400000000000000000
0.00500000000000000000
0.00340271943744213000
0.11100000000000000000
0.09900000000000000000
0.00400000000000000000
0.09800000000000000000
0.00600000000000000000
0.00905649008940972300
0.00938328145215277800
0.00400000000000000000
0.04600000000000000000
0.03200000000000000000
0.00977487086898569000
0.03000000000000000000
0.03800000000000000000
0.02700000000000000000
0.03000000000000000000
0.00715138267015046300
0.02500000000000000000
0.01800000000000000000
0.00500000000000000000
0.01300000000000000000
0.00400000000000000000
0.02000000000000000000
0.01500000000000000000
0.01900000000000000000
0.00992211611830357100
0.06986604659027777800
0.08500000000000000000
0.02000000000000000000
0.01200000000000000000
0.01100000000000000000
0.01000000000000000000
0.00400000000000000000
0.00300000000000000000
0.00600000000000000000
0.00300000000000000000
0.00300000000000000000
0.00300000000000000000
0.00500000000000000000
0.00400000000000000000
0.00237880693240740700
0.00300000000000000000
0.05000000000000000000
0.00500000000000000000
0.01000000000000000000
0.01000000000000000000
0.00276988714814814800
0.00244110721875000000
0.00400000000000000000
0.00500000000000000000
0.00800000000000000000
0.00269498044722222200
0.00292353490034722200
0.00100000000000000000
0.00100000000000000000
0.00400000000000000000
0.00500000000000000000
0.00500000000000000000
0.01000000000000000000
0.00685478200717592600
0.01000000000000000000
0.01800000000000000000
0.00400000000000000000
0.00398886547876305800
0.01680598308015046300
0.00500000000000000000
0.00500000000000000000
0.01400000000000000000
0.00399827940667438300
0.00500000000000000000
0.00500000000000000000
0.00500000000000000000
0.00500000000000000000
0.00500000000000000000
0.00500000000000000000
0.00500000000000000000
0.00500000000000000000
0.00500000000000000000
0.00300000000000000000
0.00500000000000000000
0.00336034756906250000
0.00400000000000000000
0.05000000000000000000
0.05000000000000000000
0.01000000000000000000
0.00293974719756944400
0.02000000000000000000
0.00500000000000000000
0.00500000000000000000
0.00361162201597222200
0.00400000000000000000
0.00374055204104938300
0.00359925882870370400
0.00400000000000000000
0.00368453241475694400
0.00355691653396990700
0.01000000000000000000
0.04000000000000000000
0.00300000000000000000
0.00500000000000000000
0.00353195503454861100
0.00338204907303240700
0.00299900057317034500
0.00800000000000000000
0.00500000000000000000
0.00100000000000000000
0.00286699074074074100
0.00778109305989583300
0.02000000000000000000
0.00317642493599537000
0.00579776972523148100
0.00300000000000000000
0.00286363949635416700
0.00477113475231481500
0.00277104760451388900
0.00500000000000000000
0.00400000000000000000
0.00400000000000000000
0.00500000000000000000
0.00387915847430555600
