0.00823269518240740700
0.00295043791122685200
0.00500000000000000000
0.01000000000000000000
0.00200000000000000000
0.00500000000000000000
0.00500000000000000000
0.01061134453101851900
0.00500000000000000000
0.00400000000000000000
0.00282496406888888900
0.00600000000000000000
0.00800000000000000000
0.00500000000000000000
0.00559772678686342600
0.00500000000000000000
0.00500000000000000000
0.00457777852301794000
0.00600000000000000000
0.00600000000000000000
0.00500000000000000000
0.00500000000000000000
0.00340136347196180600
0.00300000000000000000
0.00227681324097222200
0.00400000000000000000
0.01815087594629629700
0.00400000000000000000
0.00500000000000000000
0.01424895768274305600
0.00996880610532407400
0.00375980150925925900
0.00500000000000000000
0.00902902020763888900
0.04700000000000000000
0.04000000000000000000
0.03000000000000000000
0.00500000000000000000
0.00500000000000000000
0.08000000000000000000
0.00400000000000000000
0.01000000000000000000
0.01000000000000000000
0.00242852341898148100
0.01000000000000000000
0.00700000000000000000
0.00331029610358796300
0.00400000000000000000
0.01000000000000000000
0.00299999513120131300
0.01000000000000000000
0.01000000000000000000
0.01000000000000000000
0.00518707133891203700
0.00200000000000000000
0.00773681135734953700
0.00800000000000000000
0.00374185637569444400
0.00383827051719576700
0.04885292937968750000
0.00500000000000000000
0.00289871304916666700
0.00500000000000000000
0.00500000000000000000
0.01064077609068287000
0.01000000000000000000
0.00298824690555555600
0.50000000000000000000
0.00299905573704433000
0.00100000000000000000
0.00300000000000000000
0.00626794088773148100
0.00300000000000000000
0.00300000000000000000
1.00000000000000000000
0.00300000000000000000
0.00300000000000000000
0.00263859591267361100
0.01000000000000000000
0.05000000000000000000
0.00300000000000000000
0.00479094543564814800
0.00300000000000000000
0.00176802259531250000
0.00286347632453703700
0.00800000000000000000
0.05769173312500000000
0.00246226370833333300
0.00233029200354166700
0.00288517460947916700
0.16600000000000000000
0.00208147054236111100
0.00300000000000000000
0.00700000000000000000
0.00239590872407407400
0.01000000000000000000
0.00217333559982638900
0.00203800770740740700
0.00343385257898148100
0.00200000000000000000
0.00200000000000000000
0.00200000000000000000
0.00196888256394675900
0.00934289930555555600
0.00500000000000000000
0.00482054786979166700
0.00200000000000000000
0.00500000000000000000
0.00200000000000000000
0.00500000000000000000
0.00200000000000000000
0.01070158089432870400
0.10990899792283950600
0.00600000000000000000
0.00600000000000000000
0.00500000000000000000
0.00200000000000000000
0.00400000000000000000
0.00446869628796296300
0.00300000000000000000
0.00291580851035052900
0.00243127533912037000
0.00276853961712963000
0.00300000000000000000
0.00184917213564814800
0.00500000000000000000
0.00200000000000000000
0.00400000000000000000
0.00271301820119047600
0.01500000000000000000
0.00278910202407407400
0.00176822339444444400
0.01088137088009259300
0.00196763891226851900
0.00171518199270833300
0.00300000000000000000
0.00150806312180555600
0.00795514521539351900
0.00267389870353009300
0.00300000000000000000
0.00278888691059027800
0.00287603589151785700
0.00875075693449074100
0.00200000000000000000
0.00100512891944444500
0.00299802074548611100
0.00308925218680555600
0.00277629290182291700
0.00489758281404706800
0.00489753469451388900
0.00400000000000000000
0.00170077467557870400
0.00598686141666666700
0.00930985595506365700
0.00272187676562500000
0.00261194345231481500
0.00500000000000000000
0.00500000000000000000
0.00500000000000000000
0.00500000000000000000
0.00378440393745659700
0.00500000000000000000
0.00356033175810185200
0.00325162881694444400
0.00600000000000000000
0.00299434755744047600
0.00191535737500000000
0.00243131254687500000
0.00900000000000000000
0.00143166215752314800
0.00207538799687500000
0.00299462930532407400
0.00300000000000000000
0.00500000000000000000
0.00300000000000000000
0.00265548661689814800
0.01000000000000000000
0.00900000000000000000
0.00327280953356481500
0.00418635310671296300
