0.01000000000000000000
0.00925417431163194400
0.00169467025260416700
0.02900000000000000000
0.01200000000000000000
0.00500000000000000000
0.05000000000000000000
0.00400000000000000000
0.00341016166444444400
0.00800000000000000000
0.00500000000000000000
0.00600000000000000000
0.00500000000000000000
0.00500000000000000000
0.00500000000000000000
0.04000000000000000000
0.01500000000000000000
0.00600000000000000000
0.00500000000000000000
0.09000000000000000000
0.09900000000000000000
0.04000000000000000000
0.04000000000000000000
0.03900000000000000000
0.03500000000000000000
0.03000000000000000000
0.01000000000000000000
0.00686298611111111200
0.01700000000000000000
0.02400000000000000000
0.02400000000000000000
0.02300000000000000000
0.00400000000000000000
0.02000000000000000000
0.01500000000000000000
0.02000000000000000000
0.03000000000000000000
0.00500000000000000000
0.03000000000000000000
0.01200000000000000000
0.00284134398333333300
0.00500000000000000000
0.00812685754951388900
0.00600000000000000000
0.00264918336145833300
0.00281762774027777800
0.00290537998940972200
0.00290121142500000000
0.10000000000000000000
0.00342275014826388900
0.01000000000000000000
0.00900000000000000000
0.00900000000000000000
0.00500000000000000000
0.00500000000000000000
0.00548791612326388900
0.00500000000000000000
0.00500000000000000000
0.00300000000000000000
0.03000000000000000000
0.00400000000000000000
0.00303521726756365700
0.00300000000000000000
0.00500000000000000000
0.02900000000000000000
0.01000000000000000000
0.06000000000000000000
0.00500000000000000000
0.00341391692650463000
0.00298660061624228400
0.00199853748599537000
0.00917601306450617300
0.00300000000000000000
0.00294467897777777800
0.00300000000000000000
0.00300000000000000000
0.00362981191284722200
0.00300000000000000000
0.00300000000000000000
0.00300000000000000000
0.00290434737546296300
0.20000000000000000000
0.00300000000000000000
0.00300000000000000000
0.00297877101200547100
0.00623863085773809500
0.00300000000000000000
0.00300000000000000000
0.00122253760416666700
0.00299557160844404200
0.00400000000000000000
0.00300000000000000000
0.00500000000000000000
0.00500000000000000000
0.00238814640115740700
0.00200000000000000000
0.00400000000000000000
0.00265985742274305600
0.00435672657343750000
0.01899886486226851900
0.00892591723090277800
0.00000272719370039700
0.00292380075812991000
0.00200000000000000000
0.00247938547638888900
0.00293776209756944400
0.00299970101654398100
0.00100000000000000000
0.00500000000000000000
0.00400000000000000000
0.00400000000000000000
0.00300000000000000000
0.00500000000000000000
0.00257186975416666700
0.00345842924259259300
0.03000000000000000000
0.00369211427638888900
0.00225982008715277800
0.00332310088877314800
0.00300000000000000000
0.00300000000000000000
0.03399976384606481500
0.00678321759121031700
0.00500000000000000000
0.00499889464837963000
0.00500000000000000000
0.00256437603881172800
0.01000000000000000000
0.00200390579114583400
0.00600000000000000000
0.00245268326620370400
0.00236088880486111100
0.00300000000000000000
0.00400000000000000000
0.00199972555264467600
0.00297607670307539700
0.00200000000000000000
0.00074253055555555600
0.00198265055138888900
0.08996603798784722200
0.00289955896064814800
0.00192378862361111100
0.00169680157754629600
0.00399236202863425900
0.00210403458333333300
0.00152858886905092600
0.00300000000000000000
0.00000000000000000000
0.00359428798726851900
0.00208023520879629600
0.00293910414907407400
0.00259630479959490700
0.00217783031655092600
0.00178715038958333300
0.00198280492557870400
0.00200000000000000000
0.00223070057638888900
0.00400000000000000000
0.00320476859375000000
0.00300000000000000000
0.00300000000000000000
0.00685242164899691400
0.00300000000000000000
0.00208848696752314800
0.00400000000000000000
0.00340823321458333300
0.00800000000000000000
0.00700000000000000000
0.00333255489741512300
0.00300000000000000000
0.00500000000000000000
0.00292980601527777800
0.00491117777921296300
0.00896494179170524700
0.00819498110902777800
0.00500000000000000000
0.00400000000000000000
0.01250895542968750000
0.01500000000000000000
0.01000000000000000000
