0.03875083969212963000
0.00350226766870370400
0.00299629253510802500
0.00922315286371527800
0.00900000000000000000
0.00500000000000000000
0.00500000000000000000
0.00500000000000000000
0.00500000000000000000
0.02000000000000000000
0.00400000000000000000
0.00300000000000000000
0.00397331752164351900
0.00500000000000000000
0.00200000000000000000
0.00211994685243055600
0.00381311015590277800
0.00800000000000000000
0.29642609333333333300
0.00777000000000000000
0.00439716581886574100
0.01000000000000000000
0.00409017281250000000
0.05000000000000000000
0.05000000000000000000
0.00463937722986937800
0.00500000000000000000
0.00500000000000000000
0.00493446996957672000
0.00400000000000000000
0.00500000000000000000
0.00284537619201388900
0.00564014801620370400
0.00160692544851190500
0.00424758842857142800
0.02966597636574074100
0.00297032610451388900
0.01500000000000000000
0.00500000000000000000
0.00451045806475694400
0.00303302489062500000
0.00500000000000000000
0.11000000000000000000
0.02000000000000000000
0.05500000000000000000
0.01995104232308564800
0.14200000000000000000
0.10000000000000000000
0.01000000000000000000
0.00400000000000000000
0.00800000000000000000
0.00727582219206349300
0.00417390931034482700
0.00500000000000000000
0.10000000000000000000
0.11100000000000000000
0.11100000000000000000
0.10000000000000000000
0.00500000000000000000
0.00400399999999999900
0.00400399999999999900
0.00342342000000000000
0.00400399999999999900
0.00196348970706018500
0.00193229807905092600
0.08900000000000000000
0.07000000000000000000
0.00300000000000000000
0.00400000000000000000
0.04500000000000000000
0.02680835893356481600
0.00500000000000000000
0.00400000000000000000
0.03000000000000000000
0.03000000000000000000
0.01684889015293209900
0.03000000000000000000
0.03000000000000000000
0.00400000000000000000
0.02200000000000000000
0.00500000000000000000
0.02500000000000000000
0.01405765382638888900
0.02500000000000000000
0.02000000000000000000
0.00400000000000000000
0.02000000000000000000
0.02000000000000000000
0.00899297800347222200
0.01201456597361111100
0.01800000000000000000
0.01500000000000000000
0.01500000000000000000
0.00777000000000000000
0.00400000000000000000
0.00439494510590277800
0.00500000000000000000
0.01300000000000000000
0.00350642770173611100
0.01200000000000000000
0.20000000000000000000
0.00729660734895833300
0.00273413606163194400
0.00277006840503472200
0.00500000000000000000
0.00307196699027777800
0.00400000000000000000
0.07600000000000000000
0.00290397183350694400
0.00680980008136574100
0.01000000000000000000
0.00247210815277777800
0.00218499400000000000
0.00248593827222222200
0.00500000000000000000
0.00333665009166666700
0.03800000000000000000
0.00100000000000000000
0.00100000000000000000
0.00100000000000000000
0.00358867530345208700
0.01414019181944444400
0.00900000000000000000
0.01000000000000000000
0.01000000000000000000
0.01000000000000000000
0.01500000000000000000
0.00300300000000000000
0.00822971407314814800
0.00900000000000000000
0.00388624711180555600
0.18000000000000000000
0.01000000000000000000
0.00373561394804525600
0.01600000000000000000
0.00500000000000000000
0.00500000000000000000
0.00300000000000000000
0.01000000000000000000
0.01800000000000000000
0.00300300000000000000
0.00400000000000000000
0.00350350000000000000
0.00900000000000000000
0.01999627540651709400
0.00299881810701058200
0.01800000000000000000
0.00281328477395833300
0.01000000000000000000
0.05000000000000000000
0.01000000000000000000
0.01200000000000000000
0.00592034319467592600
0.00366071422222222200
0.00500000000000000000
0.00839027039675925900
0.00500000000000000000
0.04583609666111111100
0.00350249900000000000
0.00400000000000000000
0.01500000000000000000
0.00964223851314484100
0.00374039468171296300
0.00378250280987479000
0.00394531718975694400
0.00375004251672453700
0.00400000000000000000
0.00500000000000000000
0.00300300000000000000
0.00300000000000000000
0.00400000000000000000
0.00400000000000000000
0.02472399980555555600
0.00370125008055555600
0.00400000000000000000
0.00400000000000000000
0.00400000000000000000
0.00300000000000000000
0.00500000000000000000
0.00295658846163194400
