0.01200000000000000000
0.00500000000000000000
0.00347883606273148100
0.00342829174564814800
0.00900000000000000000
0.01897771922916666700
0.03147155416851851900
0.01500000000000000000
0.00300000000000000000
0.00300000000000000000
0.33300000000000000000
0.00300000000000000000
0.00500000000000000000
0.00500000000000000000
0.00500000000000000000
0.01000000000000000000
0.02993973517708333300
0.00513273347592592600
0.00535398452744709000
0.00300000000000000000
0.00535862957175925900
0.00942914421672453700
0.00500000000000000000
0.00500000000000000000
0.00700000000000000000
0.00500000000000000000
0.00500000000000000000
0.00500000000000000000
0.00767308696064814800
0.00500000000000000000
0.00500000000000000000
0.00500000000000000000
0.06500000000000000000
0.00800000000000000000
0.15000000000000000000
0.00258338824861111100
0.00837507858595679000
0.01900000000000000000
0.00300000000000000000
0.00800000000000000000
0.01962165198611111100
0.00350836360046296300
0.00300000000000000000
0.02500000000000000000
0.00500000000000000000
0.00300000000000000000
0.00479258177604166700
0.00900000000000000000
0.00350203764479166700
0.25000000000000000000
0.05000000000000000000
0.05000000000000000000
0.00200000000000000000
0.01279422718425925900
0.04900000000000000000
0.00400000000000000000
0.04200000000000000000
0.00777000000000000000
0.00800000000000000000
0.01000000000000000000
0.00400000000000000000
0.00600000000000000000
0.00342368580497685200
0.06848647942624421300
0.00329023705833333300
0.00777000000000000000
0.20000000000000000000
0.01258053092663580200
0.01997941872592592600
0.02500000000000000000
0.00400000000000000000
0.01800000000000000000
0.00200000000000000000
0.01100000000000000000
0.03000000000000000000
0.00200000000000000000
0.00600000000000000000
0.00500000000000000000
0.00388654324216821000
0.01500000000000000000
0.00500000000000000000
0.00500000000000000000
0.02900000000000000000
0.01124891669560185200
0.00400000000000000000
0.00500000000000000000
0.00894552815949074100
0.00964264637916666700
0.08800000000000000000
0.01990624414814814800
0.00500000000000000000
0.02000000000000000000
0.00350765274666666600
0.00500000000000000000
0.00400000000000000000
0.00700000000000000000
0.01000000000000000000
0.12500000000000000000
0.04000000000000000000
0.00400000000000000000
0.00396788543097222200
0.00479991342514245000
0.00282980339687500000
0.00389781369629629600
0.00420394384907407400
0.01327126189207175900
0.00400399999999999900
0.00400399999999999900
0.00400399999999999900
0.00400399999999999900
0.00400399999999999900
0.00400399999999999900
0.00400399999999999900
0.00300300000000000000
0.00400399999999999900
0.00368368000000000000
0.00400399999999999900
0.00374374000000000000
0.00400399999999999900
0.00400399999999999900
0.00264893513518518500
0.00331604086620370400
0.00500000000000000000
0.00536735054074074100
0.00805080959652777800
0.00200000000000000000
0.00100000000000000000
0.00400000000000000000
0.00383274481856674400
0.00300000000000000000
0.04888437997291666700
0.00300000000000000000
0.04500000000000000000
0.04200000000000000000
0.04000000000000000000
0.04200000000000000000
0.03900000000000000000
0.04000000000000000000
0.04000000000000000000
0.04000000000000000000
0.03900000000000000000
0.03500000000000000000
0.00800000000000000000
0.00500000000000000000
0.02000000000000000000
0.02653294266782407400
0.02500000000000000000
0.00900000000000000000
0.01600000000000000000
0.01000000000000000000
0.00251025802037037000
0.00500000000000000000
0.02500000000000000000
0.00691169514548611100
0.00332016398518518500
0.02500000000000000000
0.00400000000000000000
0.02400000000000000000
0.01900000000000000000
0.02000000000000000000
0.02000000000000000000
0.01900000000000000000
0.00400000000000000000
0.00533807870370370400
0.01354361240012345700
0.00994388504629629600
0.01294982438043981500
0.00500000000000000000
0.02000000000000000000
0.01205499640520833300
0.00396265496180555600
0.00402251743171296300
0.00500000000000000000
0.00400000000000000000
0.05000000000000000000
0.00900000000000000000
0.00346983285775463000
0.01100000000000000000
0.00300000000000000000
0.00990246974953703700
