0.05500000000000000000
0.01900000000000000000
0.01649137534722222200
0.01000000000000000000
0.01500000000000000000
0.01005713227314814900
0.03000000000000000000
0.01288483385625000000
0.02500000000000000000
0.04500000000000000000
0.02552698349826388900
0.05000000000000000000
0.03000000000000000000
0.01082184563402777800
0.02057058266875000000
0.03000000000000000000
0.03000000000000000000
0.08845872129259259300
0.01284363027685185200
0.03000000000000000000
1.00000000000000000000
0.02990000000000000000
0.02690000000000000000
0.02749018444299768500
0.01000000000000000000
0.09000000000000000000
0.02229682750694444400
0.03932886496186342600
0.06900000000000000000
0.01000000000000000000
0.10000000000000000000
0.02190188000000000000
0.01161969878153935200
0.02990000000000000000
0.09703791863984674300
0.02964466465104166700
0.03290000000000000000
0.03000000000000000000
0.07500000000000000000
0.11800000000000000000
0.20000000000000000000
0.03916904912331018900
0.04190000000000000000
0.04000000000000000000
0.05000000000000000000
0.05316239440600198400
0.03300000000000000000
0.02730000000000000000
0.03000000000000000000
0.02990000000000000000
0.01900000000000000000
0.03000000000000000000
0.01900000000000000000
0.01900000000000000000
0.04790000000000000000
0.04263735809722222200
0.20000000000000000000
0.20000000000000000000
0.01000000000000000000
0.05000000000000000000
0.08900000000000000000
0.02846492746064814800
0.03000000000000000000
0.14600000000000000000
1.51641599334490740700
0.05335976451854166700
0.03170087037037037100
0.02204806694791666700
0.03000000000000000000
0.03921700585648148100
0.03781780310416666700
0.03000000000000000000
0.02800000000000000000
0.01531269053125000000
0.03790000000000000000
0.04990000000000000000
0.03190000000000000000
0.03000000000000000000
0.04033055555555555600
0.02671494198958333300
0.02496348606018518500
0.05000000000000000000
0.01899233406961805600
0.02500000000000000000
0.02812139020451388900
0.03300000000000000000
0.02500000000000000000
0.02500000000000000000
0.30000000000000000000
0.02200389519838734600
0.03864605840277777800
0.04922850694444444500
0.03200000000000000000
0.02840000000000000000
0.03442152777777777800
0.06100000000000000000
0.06080000000000000000
0.03000000000000000000
0.03000000000000000000
0.05000000000000000000
0.03420000000000000000
0.05696045171649948600
0.07260000000000000000
0.05988744453125000000
0.03350512904745370400
0.03192660201736111100
0.03853532071875000000
0.04200000000000000000
0.03000000000000000000
0.03225788675516203700
0.03040917631944444400
0.02900000000000000000
0.03803318437500000000
0.05000000000000000000
0.05000000000000000000
0.03454712962962963000
0.02600000000000000000
0.03626254166666666900
0.02500000000000000000
0.04835609266312500000
0.02000000000000000000
0.06969610002083333300
0.02000000000000000000
0.01939013419259259300
0.03400000000000000000
0.02840000000000000000
0.09000000000000000000
0.05000000000000000000
0.03000000000000000000
0.03000000000000000000
0.03289176472564814800
0.02924442720855429300
0.03000000000000000000
0.04447864315921296300
0.03000000000000000000
0.03000000000000000000
0.03000000000000000000
0.03000000000000000000
0.03215039862314814800
0.03195189304997685200
0.03200000000000000000
0.03114961203657407400
0.03118598068958333300
0.03100000000000000000
0.03055214249247685300
0.03000000000000000000
0.03016642001064815000
0.03014923953217592700
0.03000000000000000000
0.03300000000000000000
0.03000000000000000000
0.03000000000000000000
0.03000000000000000000
0.03013384835451388900
0.03000000000000000000
0.03000000000000000000
0.02600000000000000000
0.03500000000000000000
0.03000000000000000000
0.03000000000000000000
0.03490000000000000000
0.04000000000000000000
0.03000000000000000000
0.03000000000000000000
0.03470000000000000000
0.03000000000000000000
0.03000000000000000000
0.03000000000000000000
0.03000000000000000000
0.03119980826550925900
0.03000000000000000000
0.03000000000000000000
0.03000000000000000000
0.03000000000000000000
0.02978110600253527300
0.08800000000000000000
0.18500000000000000000
0.03000000000000000000
0.03650623201884259500
0.02000000000000000000
