0.00997319907378472200
0.00253449070373677200
0.00388136938976851900
0.00740422684513888900
0.00402877027194444400
0.03500000000000000000
0.00300000000000000000
0.00367916596444444400
0.00392027977771604900
0.00800000000000000000
0.00500000000000000000
0.00500000000000000000
0.00300000000000000000
0.00500000000000000000
0.00500000000000000000
0.00500000000000000000
0.00400000000000000000
0.10078453404803240800
0.00500000000000000000
0.03000000000000000000
0.00500000000000000000
0.00900000000000000000
0.05000000000000000000
0.03000000000000000000
0.00900000000000000000
0.00500000000000000000
0.01000000000000000000
0.01500000000000000000
0.01000000000000000000
0.00600000000000000000
0.00600000000000000000
0.02612509877276234600
0.00382341109077381000
0.00500000000000000000
0.00500000000000000000
0.02500000000000000000
0.00500000000000000000
0.00500000000000000000
0.01200000000000000000
0.02800000000000000000
0.00400000000000000000
0.00400000000000000000
0.00383448802443576400
0.11100000000000000000
0.08965094031145282200
0.01000000000000000000
0.00600000000000000000
0.00100000000000000000
0.00352233063946759300
0.00245671373171296300
0.09000000000000000000
0.03000000000000000000
0.03000000000000000000
0.00543892637185185200
0.00500000000000000000
0.01000000000000000000
0.02500000000000000000
0.02400000000000000000
0.00319497634722222200
0.00318972006250000000
0.02000000000000000000
0.02000000000000000000
0.02000000000000000000
0.02000000000000000000
0.02000000000000000000
0.01500000000000000000
0.01500000000000000000
0.00600000000000000000
0.00500000000000000000
0.02000000000000000000
0.00360474956884920600
0.00500000000000000000
0.00500000000000000000
0.04600000000000000000
0.00485762805738425900
0.00400000000000000000
0.00381982724982638900
0.00300000000000000000
0.00320312047465277800
0.00500000000000000000
0.00500000000000000000
0.00397855894445145900
0.01000000000000000000
0.00309716097453703700
0.00500000000000000000
0.00100000000000000000
0.00299189886435185200
0.00500000000000000000
0.00500000000000000000
0.00202247749831349300
0.01000000000000000000
0.02500000000000000000
0.00200140215629960400
0.01000000000000000000
0.01000000000000000000
0.00400000000000000000
0.00300000000000000000
0.00300000000000000000
0.01237175154884259300
0.00400000000000000000
0.00505294571907407400
0.00900000000000000000
0.00400000000000000000
0.00370122035138888900
0.01500000000000000000
0.00365180034212963000
0.00365191798055555600
0.00500000000000000000
0.00297791203940972200
0.01121663874016203700
0.00386336928072916700
0.00300000000000000000
0.00200036695647376600
0.00500000000000000000
0.05000000000000000000
0.00297480566678240700
0.00398428929444444400
0.00800000000000000000
0.00985206692814814800
0.01216416432805555600
0.04002778830081018500
0.03952117635150463000
0.00300000000000000000
0.00500000000000000000
0.00994067022453703700
0.00300000000000000000
0.00275076703842592600
0.00300000000000000000
0.00298105304467592600
0.00197969059780092600
0.00800000000000000000
0.00300000000000000000
0.00354273076665972200
0.05000000000000000000
0.00300000000000000000
0.04200000000000000000
0.00900000000000000000
0.00384896971377314800
0.00297378473359953700
0.00300000000000000000
0.00500000000000000000
0.00299105956354517400
0.00262407422646604900
0.00243917934861111100
0.02500000000000000000
0.00900000000000000000
0.00985059359548611100
0.00142342471990740700
0.00144827870787037000
0.00200000000000000000
0.00300000000000000000
0.00400000000000000000
0.00253462217135416700
0.00400000000000000000
0.00300000000000000000
0.00285046120621693100
0.01700000000000000000
0.00204447272330246900
0.04347202410620370400
0.00197155476666666700
0.00230021864739583300
0.02000000000000000000
0.00258540130697916700
0.04900000000000000000
0.00400000000000000000
0.18000000000000000000
0.00653379585177083300
0.00258760602893518500
0.03000000000000000000
0.00500000000000000000
0.00179689383726851900
0.00269381289525463000
0.01300000000000000000
0.00500000000000000000
0.00287820056053240700
0.01500000000000000000
0.00500000000000000000
0.00500000000000000000
0.00500000000000000000
0.00256931284027777800
