0.00337195982564814800
0.05000000000000000000
0.00385858528567708300
0.00335208788402777800
0.02400000000000000000
0.00399608868879398100
0.01996972383500000000
0.01800000000000000000
0.00270842602604166700
0.00500000000000000000
0.00325836558703703700
0.03500000000000000000
0.00300000000000000000
0.00500000000000000000
0.00500000000000000000
0.00500000000000000000
0.00500000000000000000
0.00787035772123015900
0.00500000000000000000
0.00273904745729166700
0.00300000000000000000
0.05000000000000000000
0.00500000000000000000
0.01000000000000000000
0.00500000000000000000
0.00500000000000000000
0.00500000000000000000
0.00500000000000000000
0.00500000000000000000
0.00200000000000000000
0.00500000000000000000
0.00600000000000000000
0.01300000000000000000
0.00300000000000000000
0.00700000000000000000
0.00298531899114583300
0.01409908514660493800
0.00500000000000000000
0.00405143408019179900
0.00400000000000000000
0.00600000000000000000
0.00400000000000000000
0.00350187971620370400
0.00777000000000000000
0.00602932954246913600
0.00500000000000000000
0.00900000000000000000
0.00270594910474537000
0.00300000000000000000
0.00300000000000000000
0.00377240275251322800
0.04500000000000000000
0.00300000000000000000
0.00500000000000000000
0.00328682866325231500
0.00359023328072916700
0.02000000000000000000
0.00514407922083333300
0.01000000000000000000
0.03293363729427083300
0.00413331202436342600
0.02500000000000000000
0.00800000000000000000
0.00800000000000000000
0.00100000000000000000
0.02900000000000000000
0.00406553967390046300
0.00900000000000000000
0.00300000000000000000
0.50000000000000000000
0.01000000000000000000
0.00500000000000000000
0.00400000000000000000
0.00311062959328703700
0.02400000000000000000
0.01300000000000000000
0.01100000000000000000
0.04900000000000000000
0.08000000000000000000
0.00400000000000000000
0.00116693613750000000
0.14000000000000000000
0.00800000000000000000
0.02996561285590277800
0.10000000000000000000
0.00500000000000000000
0.04967161142708333300
0.00378331270023148100
0.20000000000000000000
0.09000000000000000000
0.00400000000000000000
0.00283362838865740700
0.00232723394947916700
0.03269824654687500000
0.00698422813581018500
0.00400000000000000000
0.00243957779166666700
0.00274632935572916700
0.10000000000000000000
0.35000000000000000000
0.00400000000000000000
0.00389389000000000000
0.00389389000000000000
0.00400399999999999900
0.00400399999999999900
0.00400399999999999900
0.00400399999999999900
0.00400399999999999900
0.00400399999999999900
0.00400399999999999900
0.00378378000000000000
0.00366366000000000000
0.00400399999999999900
0.00400399999999999900
0.00400399999999999900
0.00331331000000000000
0.00400399999999999900
0.00400399999999999900
0.09900000000000000000
0.00700000000000000000
0.02000000000000000000
0.00400000000000000000
0.00199102860694444400
0.00363312324923076900
0.00592761744351851900
0.00199580403894675900
0.01467645185729166700
0.04900000000000000000
0.00300000000000000000
0.00100000000000000000
0.01943069173287037000
0.00389564258055555600
0.00300000000000000000
0.00300000000000000000
0.01710000000000000000
0.04500000000000000000
0.00300000000000000000
0.02600000000000000000
0.02600000000000000000
0.00300000000000000000
0.04800000000000000000
0.04500000000000000000
0.00300000000000000000
0.04000000000000000000
0.00800000000000000000
0.01300000000000000000
0.04100000000000000000
0.03000000000000000000
0.00418959587106481500
0.02500000000000000000
0.01363132139004629600
0.03000000000000000000
0.03000000000000000000
0.03500000000000000000
0.00800000000000000000
0.03000000000000000000
0.00500000000000000000
0.00500000000000000000
0.03000000000000000000
0.03500000000000000000
0.03000000000000000000
0.02500000000000000000
0.03000000000000000000
0.02800000000000000000
0.03000000000000000000
0.00451820746220238100
0.02000000000000000000
0.02500000000000000000
0.01100000000000000000
0.02200000000000000000
0.00374397531666666700
0.00500000000000000000
0.00500000000000000000
0.01220570701996527800
0.02500000000000000000
0.02500000000000000000
0.02500000000000000000
0.02500000000000000000
0.02200000000000000000
0.00400000000000000000
