0.00999058703296296300
0.00400000000000000000
0.00500000000000000000
0.00500000000000000000
0.00500000000000000000
0.00472221979007523100
0.00985710724114583300
0.00500000000000000000
0.00500000000000000000
0.00500000000000000000
0.00500000000000000000
0.00500000000000000000
0.00500000000000000000
0.00500000000000000000
0.03000000000000000000
0.00900000000000000000
0.01910000000000000000
0.00500000000000000000
0.00500000000000000000
0.00500000000000000000
0.00500000000000000000
0.00398194155798611100
0.02000000000000000000
0.02200000000000000000
0.00500000000000000000
0.00400000000000000000
0.00400000000000000000
0.02000000000000000000
0.00398679193958333300
0.00500000000000000000
0.00359609743031250000
0.00187990708437500000
0.00482754677116898100
0.00400000000000000000
0.00400000000000000000
0.02200000000000000000
0.00707143081024305600
0.02500000000000000000
0.02000000000000000000
0.01800000000000000000
0.01800000000000000000
0.01500000000000000000
0.15000000000000000000
0.12000000000000000000
0.00252515902037037000
0.01000000000000000000
0.01000000000000000000
0.00335814651597222200
0.09914848876929012300
0.00700000000000000000
0.00281301209187500000
0.00400000000000000000
0.01000000000000000000
0.00500000000000000000
0.00909340454300925900
0.00395645213601190500
0.00400000000000000000
0.00300000000000000000
0.00600000000000000000
0.00289651532453703700
0.00937957069924768500
0.00350419956365740700
0.00300000000000000000
0.00300000000000000000
0.00300000000000000000
0.00853118600937500000
0.00300000000000000000
0.00300000000000000000
0.00268764040850694400
0.00275699968379629600
0.00300000000000000000
0.00300000000000000000
0.00275096337291666700
0.00281147876979166700
0.00294629033645833300
0.00261227536921296300
0.00300000000000000000
0.00400000000000000000
0.00300000000000000000
0.00300000000000000000
0.00500000000000000000
0.00300000000000000000
0.00300000000000000000
0.00299973565831579700
0.00500000000000000000
0.01445790519753086400
0.00900000000000000000
0.00900000000000000000
0.00279847830995370400
0.00287846777611111100
0.00275170563476851900
0.00300000000000000000
0.00286459152280092600
0.00200000000000000000
0.00500000000000000000
0.00284513775694444400
0.00199427875777777800
0.00987289865590277800
0.00200000000000000000
0.00300000000000000000
0.00300000000000000000
0.00500000000000000000
0.04000000000000000000
0.00100000000000000000
0.00284684340000000000
0.00500000000000000000
0.00262896639236111100
0.00191713541666666700
0.00200000000000000000
0.00197663441666666700
0.00996399879583333300
0.01911017879976851900
0.00199959750411561400
0.00313948322129629600
0.00207623546689814800
0.00300000000000000000
0.00265993764016203700
0.00200000000000000000
0.00200000000000000000
0.00207031705578703700
0.00900000000000000000
0.00288891027939814800
0.00100000000000000000
0.01000000000000000000
0.00199453098165509300
0.00300000000000000000
0.00489769981503858000
0.00200000000000000000
0.00403880877800925900
0.00700000000000000000
0.00500000000000000000
0.00500000000000000000
0.00500000000000000000
0.00500000000000000000
0.00242018528634259300
0.00257815796718750000
0.00298856520341435200
0.00599776909803819400
0.00295622201949404800
0.00258470908356481500
0.00445069721666666700
0.00200000000000000000
0.00269661890439814800
0.00800000000000000000
0.00500000000000000000
0.00316894575138888900
0.00500000000000000000
0.00373028969531250000
0.00408116058530092600
0.00200514989438657500
0.00300000000000000000
0.00600000000000000000
0.00295075793125000000
0.01079981911111111100
0.00500000000000000000
0.00199452667714120400
0.00478505654340277800
0.00543252459849537000
0.00299506368256944400
0.00466482562835648100
0.00393645002800925900
0.00307274045376157500
0.00500000000000000000
0.01951326686435185200
0.00500000000000000000
0.00500000000000000000
0.00500000000000000000
0.00500000000000000000
0.00365474300833333300
0.00500000000000000000
0.00500000000000000000
0.00422629181388888900
0.00500000000000000000
0.00399774358807870400
0.00500000000000000000
0.00397007263354166700
0.00470970698657407400
0.00997184654606481500
0.00483673768414351900
0.00500000000000000000
