0.00500000000000000000
0.03358825152361111100
0.00557026612344444400
0.00268498037955729200
0.00366866515942322500
0.02500000000000000000
0.00500000000000000000
0.00500000000000000000
0.00500000000000000000
0.00500000000000000000
0.00500000000000000000
0.00500000000000000000
0.00100000000000000000
0.01800000000000000000
0.00500000000000000000
0.00400000000000000000
0.00400000000000000000
0.01495761269097222200
0.03000000000000000000
0.00500000000000000000
0.00500000000000000000
0.00797469799861111100
0.05000000000000000000
0.04000000000000000000
0.00500000000000000000
0.00900000000000000000
3.00000000000000000000
0.00400000000000000000
0.03000000000000000000
0.00500000000000000000
0.00722344830625000000
0.00500000000000000000
0.00500000000000000000
0.00700000000000000000
0.02500000000000000000
0.01000000000000000000
0.04900000000000000000
0.00405076627829861100
0.00895710439194444400
0.11100000000000000000
0.00269452532968750000
0.00200000000000000000
0.10000000000000000000
0.01061644891683201100
0.00400000000000000000
0.00399167357717737300
0.03400000000000000000
0.03000000000000000000
0.01900000000000000000
0.03000000000000000000
0.02400000000000000000
0.02400000000000000000
0.02300000000000000000
0.02000000000000000000
0.00400000000000000000
0.02000000000000000000
0.02000000000000000000
0.02000000000000000000
0.00397186575364583300
0.01000000000000000000
0.02500000000000000000
0.01100000000000000000
0.00463036080312500000
0.00461754176881944400
0.00500000000000000000
0.00800000000000000000
0.00825671954170524700
0.00500000000000000000
0.00500000000000000000
0.00500000000000000000
0.00292489832251157400
0.00300000000000000000
0.01000000000000000000
0.01000000000000000000
0.00300000000000000000
0.00296730414317129600
0.01000000000000000000
0.01000000000000000000
0.01000000000000000000
0.00752819379882523100
0.00393792491479166700
0.06900000000000000000
0.02500000000000000000
0.00718613987557870400
0.00500000000000000000
0.00400000000000000000
0.00397568676168981500
0.00300000000000000000
0.00500000000000000000
0.00500000000000000000
0.00500000000000000000
0.01000000000000000000
0.00400000000000000000
0.09979728394444444400
0.01000000000000000000
0.00248868501666666700
0.00300000000000000000
0.00500000000000000000
0.05000000000000000000
0.00345950787442129600
0.01000000000000000000
0.00500000000000000000
0.00526893625000000000
0.00350205038321759300
0.00404308627099867800
0.00400000000000000000
0.00206829068680555600
0.00904252159618055600
0.00319700410462963000
0.00254727539444444400
0.00301390417301587400
0.00626769433118386200
0.00505087971296296300
0.00354632433067129600
0.00300000000000000000
0.00300000000000000000
0.00689278749828703700
0.00387699470023148100
0.00300000000000000000
0.00723404765444444400
0.00700000000000000000
0.05000000000000000000
0.00300000000000000000
0.00299896047141203700
0.00200000000000000000
0.00285816380138888900
0.00261043054398148100
0.01372976659218750000
0.00597742951793981500
0.00299061517534722200
0.00143741285978009300
0.00265021047268518500
0.00500000000000000000
0.00300000000000000000
0.00221798162500000000
0.09110007154050926000
0.06500371275497685200
0.00500000000000000000
0.00500000000000000000
0.02000000000000000000
0.00500000000000000000
0.00234497031342592600
0.00400000000000000000
0.05000000000000000000
0.00290444614421296300
0.00296882710594304900
0.00500000000000000000
0.00199783836331018500
0.00265463395364583300
0.00300000000000000000
0.00312693245293209900
0.00199965119550925900
0.00500000000000000000
0.00869005903559027800
0.00500000000000000000
0.00197489312685185200
8.00000000000000000000
0.01700000000000000000
0.00200000000000000000
0.00198505176463293700
0.00298248186267361100
0.00200754594652777800
0.00300000000000000000
0.00203546989513888900
0.00192155421851851900
0.01182391920451388900
0.00312654362500000000
0.00816290123055555600
0.00771007210116402100
0.00500000000000000000
0.00500000000000000000
0.00500000000000000000
0.00500000000000000000
0.00500000000000000000
0.00300000000000000000
0.00967649604809027800
0.00300000000000000000
0.00287411168819444400
0.00201410998692129700
0.00213219611093750000
