0.02000000000000000000
0.05363242199652777800
0.01260021413938492100
0.02000000000000000000
0.05363242199652777800
0.01260021413938492100
0.02000000000000000000
0.05363242199652777800
0.01260021413938492100
0.02000000000000000000
0.05363242199652777800
0.01260021413938492100
0.02000000000000000000
0.05363242199652777800
0.01260021413938492100
0.02000000000000000000
0.05363242199652777800
0.01260021413938492100
0.02000000000000000000
0.05363242199652777800
0.01260021413938492100
0.02000000000000000000
0.05363242199652777800
0.01260021413938492100
0.02000000000000000000
0.05363242199652777800
0.01260021413938492100
