0.00367522242986111100
0.00565604420870949100
0.01000000000000000000
0.00390950591546516800
0.00200000000000000000
0.00289721997060185200
0.00118522449097222200
0.00500000000000000000
0.00500000000000000000
0.00500000000000000000
0.00300000000000000000
0.00500000000000000000
0.00376640231759259300
0.00300000000000000000
0.00526225212847222200
0.01000000000000000000
0.00917633584670138900
0.00400000000000000000
0.01000000000000000000
0.00399735924832175900
0.00800000000000000000
0.00766333726010802500
0.00341961590069444400
0.00776173987013888900
0.07707324441666666700
0.00304480917268518500
0.02953772030746527800
0.01432047225694444400
0.00994262016637731500
0.03243383561339285700
0.00898227700185185200
0.01897338471643518500
0.01781908494629629600
0.01784960462152777800
0.01889812617534722200
0.01974947549189814800
0.12949024982638888900
0.14903219320601851900
0.02814756970277777800
0.02455919908194444400
0.09167600162285052900
0.06995501198611111100
0.05982181982465277800
0.04560359987962963000
0.10951741685300925900
0.09167600162285052900
0.06995501198611111100
0.05982181982465277800
0.04560359987962963000
0.10951741685300925900
0.09167600162285052900
0.06995501198611111100
0.05982181982465277800
0.04560359987962963000
0.10951741685300925900
0.09167600162285052900
0.06995501198611111100
0.05982181982465277800
0.04560359987962963000
0.10951741685300925900
0.09167600162285052900
0.06995501198611111100
0.05982181982465277800
0.04560359987962963000
0.10951741685300925900
0.09167600162285052900
0.06995501198611111100
0.05982181982465277800
0.04560359987962963000
0.10951741685300925900
0.09167600162285052900
0.06995501198611111100
0.05982181982465277800
0.04560359987962963000
0.10951741685300925900
