0.01000000000000000000
0.00400000000000000000
0.00500000000000000000
0.00200000000000000000
0.00500000000000000000
0.00338788340191798900
0.02500000000000000000
0.01800000000000000000
0.00800000000000000000
0.01000000000000000000
0.00400000000000000000
0.00358119194305555600
0.00388205022042824100
0.00406506666111111100
0.00354627668402777800
0.00216951484079861100
0.00300000000000000000
0.00422865437505341900
0.00300000000000000000
0.00281987744107142900
0.00231512602708333300
0.00500000000000000000
0.00206878966388888900
0.00287013327134259300
0.00200000000000000000
0.00297041053680555600
0.00184150258414351900
0.01000000000000000000
0.00749079861111111200
0.00100000000000000000
0.02000000000000000000
0.00100000000000000000
0.00242218858217592600
0.00204466678254629700
0.00500000000000000000
0.00297773932731481500
0.00317568109704861200
0.00281278974814814800
0.00298251194062500000
0.00308841780567129600
0.00500000000000000000
0.00400000000000000000
0.00500000000000000000
0.00400000000000000000
0.00500000000000000000
0.00500000000000000000
0.00425618595277777800
0.00390439169120370400
0.00458530416122685200
0.00500000000000000000
0.00395027025011574100
0.00294326648697916700
0.00900000000000000000
0.00500000000000000000
0.00400000000000000000
0.00400000000000000000
0.00400000000000000000
0.00431282230833333300
0.00500000000000000000
0.00500000000000000000
0.00300000000000000000
0.00300000000000000000
0.00385281351076388900
0.00431738883497023800
0.00400000000000000000
0.00567065492291666700
0.00300000000000000000
0.00261459717175925900
0.00262954011608796300
0.00263652174930555600
0.00300000000000000000
0.00303328695260416700
0.00100000000000000000
0.00712721199739583300
0.00284530213564814800
0.00301547668067129700
0.00500000000000000000
0.00900000000000000000
0.00299767039403935200
0.00500000000000000000
0.00376434777268518500
0.00110045370370370300
0.00400000000000000000
0.00300322248634259300
0.00354249701898148100
0.00370218368784722200
0.00356260961458333300
0.00400000000000000000
0.00428611745989583300
0.00300000000000000000
0.01200000000000000000
0.00342817086574074100
0.00459111841996527800
0.00384703709571759300
0.00298336686701388900
0.00816227190484457700
0.00800000000000000000
0.00500000000000000000
0.00500000000000000000
0.00391477958958333300
0.00399832624184027800
0.00363901339166666700
0.00277966996666666700
0.01000000000000000000
0.00397826019351851900
0.00488681876759259300
0.00465820331875000000
0.00399242534578703700
0.00418692588239583300
0.00435604848645833300
0.00547455656944444400
0.00554620715104166700
0.00371961815046296300
0.00484673291406250000
0.00649818787199074100
0.00619477540682870400
0.00496689795185185200
0.00554848616666666700
0.00663027078211805600
0.00936873459114583300
0.00920164608362268500
0.01500000000000000000
0.00900000000000000000
0.00700000000000000000
0.02500000000000000000
0.04999365155059523800
0.00900000000000000000
0.00886455514120370400
0.00859090747771990700
0.00822540875069444400
0.00800000000000000000
0.00800000000000000000
0.00800000000000000000
0.00800000000000000000
0.00800000000000000000
0.00483790155295138900
0.00727432731921296300
0.00700000000000000000
0.00667786598090277800
0.00600000000000000000
0.00600000000000000000
0.00600000000000000000
0.00600000000000000000
0.00509505947615740700
0.00528324007581018500
0.00500000000000000000
0.00500000000000000000
0.00500000000000000000
0.00500000000000000000
0.00500000000000000000
0.00500000000000000000
0.00500000000000000000
0.00500000000000000000
0.00500000000000000000
0.00500000000000000000
0.00500000000000000000
0.01500000000000000000
0.01500000000000000000
0.01500000000000000000
0.00500000000000000000
0.01500000000000000000
0.01300000000000000000
0.01238780212116402100
0.01101548152170138900
0.01070530695495205000
0.01000000000000000000
0.01000000000000000000
0.00500000000000000000
0.00500000000000000000
0.00500000000000000000
0.00500000000000000000
0.00500000000000000000
0.00353530333437500000
0.00324945393125000000
0.00500000000000000000
0.00500000000000000000
0.00500000000000000000
0.00400245477500000000
0.00500000000000000000
0.00000000000000000000
