0.00686288521260416700
0.00400000000000000000
0.01900000000000000000
0.00300000000000000000
0.00644387871381172800
0.00300000000000000000
0.00379244739166666700
0.01500000000000000000
0.00827790806365740700
0.00200614722233796400
0.01688384740509259300
0.00496927297100694400
0.01500000000000000000
0.00500439878246527900
0.01096240160000000000
0.07386409650277777800
0.02643868962037037000
0.02995843869386574100
0.00686288521260416700
0.00400000000000000000
0.01900000000000000000
0.00300000000000000000
0.00644387871381172800
0.00300000000000000000
0.00379244739166666700
0.01500000000000000000
0.00827790806365740700
0.00200614722233796400
0.01688384740509259300
0.00496927297100694400
0.01500000000000000000
0.00500439878246527900
0.01096240160000000000
0.07386409650277777800
0.02643868962037037000
0.02995843869386574100
0.00686288521260416700
0.00400000000000000000
0.01900000000000000000
0.00300000000000000000
0.00644387871381172800
0.00300000000000000000
0.00379244739166666700
0.01500000000000000000
0.00827790806365740700
0.00200614722233796400
0.01688384740509259300
0.00496927297100694400
0.01500000000000000000
0.00500439878246527900
0.01096240160000000000
0.07386409650277777800
0.02643868962037037000
0.02995843869386574100
0.00686288521260416700
0.00400000000000000000
0.01900000000000000000
0.00300000000000000000
0.00644387871381172800
0.00300000000000000000
0.00379244739166666700
0.01500000000000000000
0.00827790806365740700
0.00200614722233796400
0.01688384740509259300
0.00496927297100694400
0.01500000000000000000
0.00500439878246527900
0.01096240160000000000
0.07386409650277777800
0.02643868962037037000
0.02995843869386574100
0.00686288521260416700
0.00400000000000000000
0.01900000000000000000
0.00300000000000000000
0.00644387871381172800
0.00300000000000000000
0.00379244739166666700
0.01500000000000000000
0.00827790806365740700
0.00200614722233796400
0.01688384740509259300
0.00496927297100694400
0.01500000000000000000
0.00500439878246527900
0.01096240160000000000
0.07386409650277777800
0.02643868962037037000
0.02995843869386574100
0.00686288521260416700
0.00400000000000000000
0.01900000000000000000
0.00300000000000000000
0.00644387871381172800
0.00300000000000000000
0.00379244739166666700
0.01500000000000000000
0.00827790806365740700
0.00200614722233796400
0.01688384740509259300
0.00496927297100694400
0.01500000000000000000
0.00500439878246527900
0.01096240160000000000
0.07386409650277777800
0.02643868962037037000
0.02995843869386574100
0.00686288521260416700
0.00400000000000000000
0.01900000000000000000
0.00300000000000000000
0.00644387871381172800
0.00300000000000000000
0.00379244739166666700
0.01500000000000000000
0.00827790806365740700
0.00200614722233796400
0.01688384740509259300
0.00496927297100694400
0.01500000000000000000
0.00500439878246527900
0.01096240160000000000
0.07386409650277777800
0.02643868962037037000
0.02995843869386574100
0.00686288521260416700
0.00400000000000000000
0.01900000000000000000
0.00300000000000000000
0.00644387871381172800
0.00300000000000000000
0.00379244739166666700
0.01500000000000000000
0.00827790806365740700
0.00200614722233796400
0.01688384740509259300
0.00496927297100694400
0.01500000000000000000
0.00500439878246527900
0.01096240160000000000
0.07386409650277777800
0.02643868962037037000
0.02995843869386574100
0.00686288521260416700
0.00400000000000000000
0.01900000000000000000
0.00300000000000000000
0.00644387871381172800
0.00300000000000000000
0.00379244739166666700
0.01500000000000000000
0.00827790806365740700
0.00200614722233796400
0.01688384740509259300
0.00496927297100694400
0.01500000000000000000
0.00500439878246527900
0.01096240160000000000
0.07386409650277777800
0.02643868962037037000
0.02995843869386574100
