0.00400000000000000000
0.01596439184444444400
0.00800000000000000000
0.00400000000000000000
0.01500000000000000000
0.00900000000000000000
0.00800000000000000000
0.20882862360648148100
0.05000000000000000000
0.00996593779284722200
0.01421296249004629600
0.01000000000000000000
0.00399692153362268500
0.00655193001319444400
0.00900000000000000000
0.00700000000000000000
0.03900000000000000000
0.00890828142500000000
0.00894156539783950600
0.09977300331597222200
0.01300000000000000000
0.00400000000000000000
0.00494868912559027800
0.00500000000000000000
0.01195094181938657400
0.00665031765584490700
0.04748703121238425900
0.00700472490827546300
0.01600000000000000000
0.02999696389902777800
0.00500000000000000000
0.01270921515925925900
0.01300000000000000000
0.00600000000000000000
0.00500000000000000000
0.03496252560300925900
0.00400000000000000000
0.01500000000000000000
0.24867960008900463000
0.22868287359773662600
0.01500000000000000000
0.16897606685916179300
0.00500000000000000000
0.01000000000000000000
0.00800000000000000000
0.00700000000000000000
0.00495431609509259300
0.00543268774479166700
0.00600000000000000000
0.01123311036412037000
0.30000000000000000000
0.00425732236469907400
0.03475606055208333300
0.05712000000000000000
0.01500000000000000000
0.00342086815625000000
0.00500000000000000000
0.01000000000000000000
0.00478202402743055600
0.01259869647614942500
0.01115208994888117300
0.02970000000000000000
0.00434335717989969100
0.01500000000000000000
0.00777000000000000000
0.00472023761840277800
0.29000000000000000000
0.01076740427256944400
0.01496814528935185200
0.00500000000000000000
0.00841698113657407400
0.00900000000000000000
0.01200000000000000000
0.01844534734953703700
0.00777000000000000000
0.00483345057783564800
0.00734038598833333300
0.00399021643391203700
0.00799812314149305600
0.01000000000000000000
0.01175919870061728400
0.00767661088918650800
0.01000000000000000000
0.20890000000000000000
0.01000000000000000000
0.00981902852048611100
0.02000000000000000000
0.01000000000000000000
0.00900000000000000000
0.12000000000000000000
0.00500000000000000000
0.00585248759201388900
0.01200000000000000000
0.00400000000000000000
0.00900000000000000000
0.00700000000000000000
0.00900000000000000000
0.09430086237557870400
0.04900000000000000000
0.00600000000000000000
0.00700000000000000000
0.01000000000000000000
0.00999896401136225300
0.01600000000000000000
0.00800000000000000000
0.00800000000000000000
0.00700000000000000000
0.00600000000000000000
0.00500000000000000000
0.00500000000000000000
0.00548105747520833300
0.00500000000000000000
0.01000000000000000000
0.00986027277376543200
0.04700394200694444400
0.00900000000000000000
0.00585643453688936800
0.00838868795023148100
0.02378475869930555600
0.02462497031944444400
0.01112987384270833300
0.06499350290410879600
0.01500000000000000000
0.00399054059305555600
0.04500000000000000000
0.01400000000000000000
0.00464392673806584400
0.00963036766493055600
0.03546346089305555600
0.04393112664467592600
0.01422838705884259300
0.02000000000000000000
0.01000000000000000000
0.00694318878796296300
0.00504863251435185300
0.00998246645601851900
0.01600000000000000000
0.00433155526606280200
0.01921009839583333300
0.01307058800694444400
0.00397758811203703700
0.00575604473136574100
0.01005122731170833300
0.05700000000000000000
0.00686140645802083300
0.00983080711342592600
0.00998633082523148100
0.00800000000000000000
0.00600600000000000000
0.00600600000000000000
0.00600600000000000000
0.00600600000000000000
0.00600600000000000000
0.00600600000000000000
0.00600600000000000000
0.00600600000000000000
0.00600600000000000000
0.00600600000000000000
0.00600600000000000000
0.00600600000000000000
0.00600600000000000000
0.00600600000000000000
0.00600600000000000000
0.00600600000000000000
0.00600600000000000000
0.00600600000000000000
0.00600600000000000000
0.00600600000000000000
0.00600600000000000000
0.00600600000000000000
0.00600600000000000000
0.00600600000000000000
0.00600600000000000000
0.00600600000000000000
0.00600600000000000000
0.00600600000000000000
0.00591591000000000000
0.00600600000000000000
0.00600600000000000000
0.00600600000000000000
