0.03401260805902777800
0.01500000000000000000
0.00570952315480324100
0.00390945726203703700
0.00869541909861111100
0.01424705123273534000
0.00399207408721064800
0.03401260805902777800
0.01500000000000000000
0.00570952315480324100
0.00390945726203703700
0.00869541909861111100
0.01424705123273534000
0.00399207408721064800
0.03401260805902777800
0.01500000000000000000
0.00570952315480324100
0.00390945726203703700
0.00869541909861111100
0.01424705123273534000
0.00399207408721064800
0.03401260805902777800
0.01500000000000000000
0.00570952315480324100
0.00390945726203703700
0.00869541909861111100
0.01424705123273534000
0.00399207408721064800
0.03401260805902777800
0.01500000000000000000
0.00570952315480324100
0.00390945726203703700
0.00869541909861111100
0.01424705123273534000
0.00399207408721064800
0.03401260805902777800
0.01500000000000000000
0.00570952315480324100
0.00390945726203703700
0.00869541909861111100
0.01424705123273534000
0.00399207408721064800
0.03401260805902777800
0.01500000000000000000
0.00570952315480324100
0.00390945726203703700
0.00869541909861111100
0.01424705123273534000
0.00399207408721064800
0.03401260805902777800
0.01500000000000000000
0.00570952315480324100
0.00390945726203703700
0.00869541909861111100
0.01424705123273534000
0.00399207408721064800
0.03401260805902777800
0.01500000000000000000
0.00570952315480324100
0.00390945726203703700
0.00869541909861111100
0.01424705123273534000
0.00399207408721064800
