0.00300000000000000000
0.00500000000000000000
0.00500000000000000000
0.00500000000000000000
0.00300000000000000000
0.00500000000000000000
0.00500000000000000000
0.00500000000000000000
0.00700000000000000000
0.00500000000000000000
0.00500000000000000000
0.20000000000000000000
0.03200000000000000000
0.00500000000000000000
0.00335575528281250000
0.01100000000000000000
0.04000000000000000000
0.04000000000000000000
0.00400000000000000000
0.03000000000000000000
0.00300000000000000000
0.00370093114057291700
0.00300000000000000000
0.00321201499652777800
0.00500000000000000000
0.00500000000000000000
0.00200748580902777800
0.00200000000000000000
0.00287504514500000000
0.00300000000000000000
0.00370619904652777800
0.00467735372083333300
0.00399433932514467600
0.00279137514687500000
0.01100000000000000000
0.00320072774328703700
0.01300000000000000000
0.00365662253491512300
0.00308874738055555600
0.02946677532986111100
0.00376919128803755100
0.00300000000000000000
0.00400000000000000000
0.00300000000000000000
0.00232928875059523800
0.00279368197574074100
0.00200000000000000000
0.00300000000000000000
0.00257860956319444400
0.00196128211452546300
0.00300000000000000000
0.00992477527864583300
0.00239441239641203700
0.00265626081041666700
0.00387625340416666700
0.00315781245995370400
0.00300000000000000000
0.00107772629137731600
0.00280148475046296300
0.00211437092968750000
0.00366869059317129600
0.00275281804074074100
0.00287870479814814800
0.00200691002743055600
0.00246917645405092600
0.00300000000000000000
0.00500000000000000000
0.00384096501157407400
0.00500000000000000000
0.00500000000000000000
0.00336815809482473500
0.00234948927094907400
0.00500000000000000000
0.00207567469199074100
0.00211109524027777800
0.03500000000000000000
0.00500000000000000000
0.00198678913221450600
0.00301664890989583300
0.00500000000000000000
0.00500000000000000000
0.00196131557164351900
0.00494020119723048900
0.00400000000000000000
0.00500000000000000000
0.00500000000000000000
0.00351295063385416700
0.00500000000000000000
0.00418756177916666700
0.00800000000000000000
0.00500000000000000000
0.00378028961435185200
0.00900000000000000000
0.00400000000000000000
0.00268611874236111100
0.00200000000000000000
0.00335769323194444400
0.00500000000000000000
0.00600000000000000000
0.00400000000000000000
0.00500000000000000000
0.00395039546684027800
0.00400000000000000000
0.00500000000000000000
0.00500000000000000000
0.00397961027135416700
0.00400000000000000000
0.00396555281197916700
0.00371505764739197500
0.00300000000000000000
0.00300000000000000000
0.00600000000000000000
0.00300000000000000000
0.00300000000000000000
0.00300000000000000000
0.00324813496720679000
0.00258369251354166700
0.00341274996851851900
0.00400000000000000000
0.00500000000000000000
0.00500000000000000000
0.00900000000000000000
0.00266388780717592600
0.00500000000000000000
0.00753864330324074100
0.00185575651562500000
0.00329506273611111100
0.00277587727916666700
0.00500000000000000000
0.00175023868715277800
0.00313680179790380700
0.00300000000000000000
0.00800000000000000000
0.00300000000000000000
0.00300000000000000000
0.01275197747453703700
0.00200000000000000000
0.00328342559259259300
0.00380122300462963000
0.00400000000000000000
0.00372239376562500000
0.00374503495208333300
0.00327306808907407400
0.00386708414594907400
0.00084671912037037000
0.00800000000000000000
0.00371167334513888900
0.00359969382592592600
0.00400000000000000000
0.00373723445254629600
0.00328298512847222200
0.00344071972656250000
0.03015369533680555600
0.00307090189236111100
0.00414443940086805600
0.00400000000000000000
0.00255158224527777800
0.01400000000000000000
0.00786932337008101900
0.00483403274548611100
0.03408921668750000000
0.01000000000000000000
0.00300000000000000000
0.00986760427604166700
0.00311101892152777800
0.00400000000000000000
0.00379034390416666700
0.00313101389351851900
0.00198895308472222200
0.00900000000000000000
0.00940178772968750000
0.00700000000000000000
0.00600000000000000000
0.00500000000000000000
0.00500000000000000000
0.00110003872863247800
0.00397514063888888900
0.00500000000000000000
0.00398317694004629600
0.00400000000000000000
