0.00500000000000000000
0.00500000000000000000
0.00812748614543981500
0.01000000000000000000
0.00585591759015151500
0.00294121886656250000
0.00378036680196759300
0.00393091376633101900
0.00300000000000000000
0.00261472677291666700
0.00300000000000000000
0.00309950896961805600
0.00300000000000000000
0.00207376088703703700
0.00400000000000000000
0.00500000000000000000
0.00400000000000000000
0.00327470842986111100
0.01998475127719907400
0.00500000000000000000
0.00500000000000000000
0.00319926073518518500
0.00997852990046296300
0.00500000000000000000
0.00300000000000000000
0.00299778676979166700
0.00600000000000000000
0.00500000000000000000
0.01000000000000000000
0.00500000000000000000
0.00300000000000000000
0.00500000000000000000
0.00400502636157407500
0.00400000000000000000
0.00599237765976851900
0.00997114195572916700
0.00568074726765046300
0.01497984158256172800
0.00500000000000000000
0.01000000000000000000
0.00365571413194444400
0.00656580824074074100
0.00900000000000000000
0.00900000000000000000
0.00800000000000000000
0.00800000000000000000
0.00787932761258333300
0.00727363287476851900
0.00667493573726851900
0.00600000000000000000
0.00594476522291666700
0.00500000000000000000
0.00500000000000000000
0.00500000000000000000
0.00967820665353009300
0.00500000000000000000
0.00500000000000000000
0.00401134073881172800
0.00423469244074074100
0.00462016168194444400
0.00399955562609953700
0.00400000000000000000
0.00907991132210648100
0.00900511113148148200
0.01589774459560185200
0.00900000000000000000
0.00653143392361111100
0.00500000000000000000
0.01641893400260416700
0.00596670133680555600
0.00677109650729166700
0.00700000000000000000
0.02947178503935185200
0.01000000000000000000
0.00992315025199652800
0.02455247583333333300
0.00969153930642361100
0.00777941326388888900
0.00790014277777777800
0.00945683710648148100
0.01916615359259259300
0.01599825445520833300
0.01800000000000000000
0.01827207394791666700
0.02373172713049768500
0.01893459693402777800
0.01993223980092592600
0.01900000000000000000
0.01500774291550925900
0.01900000000000000000
0.02199418183692129600
0.02100459634479166700
0.02457841796145833300
0.00999186835364583300
0.02372987294027777800
0.02199752914166666700
0.08410379422569444400
0.02495090774710648100
0.02895082569670138900
0.19998092156481481500
0.02667482095833333300
0.02606560469444444400
0.02832850534027777800
0.02691289439583333300
0.02712436113888888900
0.03264976684722222200
0.17452892621913580200
0.02998120772465277800
0.02940565844097222200
0.06334272401620370400
0.04788506840190972200
0.02709912819259259300
0.03876678473842592600
0.04000000000000000000
0.03971859402546296300
0.04782916185601851900
0.02900000000000000000
0.02667482095833333300
0.02606560469444444400
0.02832850534027777800
0.02691289439583333300
0.02712436113888888900
0.03264976684722222200
0.17452892621913580200
0.02998120772465277800
0.02940565844097222200
0.06334272401620370400
0.04788506840190972200
0.02709912819259259300
0.03876678473842592600
0.04000000000000000000
0.03971859402546296300
0.04782916185601851900
0.02900000000000000000
0.02667482095833333300
0.02606560469444444400
0.02832850534027777800
0.02691289439583333300
0.02712436113888888900
0.03264976684722222200
0.17452892621913580200
0.02998120772465277800
0.02940565844097222200
0.06334272401620370400
0.04788506840190972200
0.02709912819259259300
0.03876678473842592600
0.04000000000000000000
0.03971859402546296300
0.04782916185601851900
0.02900000000000000000
0.02667482095833333300
0.02606560469444444400
0.02832850534027777800
0.02691289439583333300
0.02712436113888888900
0.03264976684722222200
0.17452892621913580200
0.02998120772465277800
0.02940565844097222200
0.06334272401620370400
0.04788506840190972200
0.02709912819259259300
0.03876678473842592600
0.04000000000000000000
0.03971859402546296300
0.04782916185601851900
0.02900000000000000000
