0.00612425795659722200
0.00413690779276620400
0.00500000000000000000
0.00500000000000000000
0.00500000000000000000
0.00500000000000000000
0.00500000000000000000
0.00381475887277777800
0.00324679573802083300
0.00500000000000000000
0.00500000000000000000
0.00398576820958333300
0.00298236878597222200
0.04000000000000000000
0.01900000000000000000
0.01600000000000000000
0.02380312921096965000
0.00500000000000000000
0.00300000000000000000
0.00500000000000000000
0.00500000000000000000
0.00287498971145833300
0.01000000000000000000
0.00500000000000000000
0.00300000000000000000
0.00500000000000000000
0.00318941163611111100
0.00500000000000000000
0.00500000000000000000
0.00336404519753086400
0.00313728587962963000
0.00350325790625000000
0.00339725770532407400
0.00300000000000000000
0.00329263645270061700
0.00292010412619047600
0.00300000000000000000
0.00300000000000000000
0.00300000000000000000
0.04500000000000000000
0.00300000000000000000
0.00300000000000000000
0.00200000000000000000
0.00269684521521990700
0.00273378108773148100
0.00257299660580357100
0.00215955718472222200
0.00275137675879629600
0.00276655596116898100
0.00300000000000000000
0.00500000000000000000
0.00500000000000000000
0.00599700231481481500
0.00300000000000000000
0.00300000000000000000
0.00200000000000000000
0.00303283793072916700
0.10000000000000000000
0.00652207919097222200
0.00400053093280365300
0.00300000000000000000
0.00274340493125000000
0.00212726510729166700
0.00289176820225694400
0.00200000000000000000
0.00218160344398148100
0.00199977332935438900
0.00359092592592592600
0.00189771855000000000
0.00268882694843750000
0.00295214875931372500
0.00200000000000000000
0.00209240206944444400
0.00197244900617284000
0.00215562522685185200
0.00199711659907407400
0.00299497833631172800
0.00924825623090277800
0.00500000000000000000
0.00146664142013888900
0.00492559086386574100
0.00283953620439814800
0.00262825268836805600
0.00341314611944444400
0.00300000000000000000
0.00300000000000000000
0.00500000000000000000
0.00286561801111111100
0.00300000000000000000
0.00347486286875000000
0.00311085093425925900
0.00300000000000000000
0.00500000000000000000
0.00487385193634259300
0.00348492373333333300
0.00300000000000000000
0.01500000000000000000
0.00392910801851851900
0.00500000000000000000
0.00997835605179398100
0.00392159084739583300
0.00500000000000000000
0.00500000000000000000
0.00500000000000000000
0.00261388931000000000
0.00385487749967592600
0.00500000000000000000
0.00500000000000000000
0.00199955284723379600
0.00500000000000000000
0.00500000000000000000
0.00500000000000000000
0.00400000000000000000
0.00300000000000000000
0.00273904001261574100
0.00498495814383680600
0.00500000000000000000
0.00613100147916666700
0.00361630716093750000
0.00200000000000000000
0.00375857561728395100
0.00400000000000000000
0.00157788445506944400
0.00600000000000000000
0.00400000000000000000
0.00300000000000000000
0.00698480071903935200
0.00664743372077546300
0.00463597427818287000
0.00400000000000000000
0.00883822687239583300
0.00400000000000000000
0.02000000000000000000
0.00385325709166666700
0.00400000000000000000
0.00500000000000000000
0.00500000000000000000
0.01500000000000000000
0.00728614929195601900
0.00400000000000000000
0.00392780113344226600
0.00362722723340277800
0.00226368425515046300
0.00300000000000000000
0.00300000000000000000
0.00400000000000000000
0.00288223330842592600
0.00300000000000000000
0.00983386084664351900
0.00237239177578125000
0.01995529192939814800
0.00188402743707561700
0.00189363802500000000
0.00300000000000000000
0.00100000000000000000
0.00296309244597222200
0.01000000000000000000
0.00300000000000000000
0.00500000000000000000
0.00268462537476851900
0.00368076878580246900
0.00235006168854166700
0.00286090181875000000
0.00276463181481481500
0.00400000000000000000
0.00285656593055555600
0.00232361824074074100
0.00350000000000000000
0.00300000000000000000
0.00110006558641975300
0.01000000000000000000
0.00200000000000000000
0.00341279047071759300
0.00292751789166666700
0.00100000000000000000
0.00300000000000000000
0.00500000000000000000
0.00500000000000000000
0.00306140945862268500
0.00389455284641203700
