0.00500000000000000000
0.00321486953119213000
0.00500000000000000000
0.00500000000000000000
0.00500000000000000000
0.01000000000000000000
0.00373205580810763900
0.00500000000000000000
0.00500000000000000000
0.00500000000000000000
0.00900000000000000000
0.05000000000000000000
0.03000000000000000000
0.00500000000000000000
0.00508856623184523900
0.00400000000000000000
0.00573784348143867300
0.00500000000000000000
0.50000000000000000000
0.00500000000000000000
0.00391673643909259300
0.03000000000000000000
0.02000000000000000000
0.02000000000000000000
0.02000000000000000000
0.00500000000000000000
0.01500000000000000000
0.00725183617851080200
0.00300000000000000000
0.00221338797083333300
0.00300000000000000000
0.00500000000000000000
0.00300000000000000000
0.00500000000000000000
0.00400000000000000000
0.00500000000000000000
0.00422210403975694400
0.00400000000000000000
0.00600000000000000000
0.01000000000000000000
0.00382300882523148100
0.01000000000000000000
0.01000000000000000000
0.00245119510166666700
0.00237833225462963000
0.00500000000000000000
0.00302621065416666800
0.00800000000000000000
0.00400000000000000000
0.00300000000000000000
0.00400000000000000000
0.01000000000000000000
0.00276526779288194400
0.00268134943092592600
0.00567064146875000000
0.00500000000000000000
0.00300000000000000000
0.00255490151041666700
0.00300000000000000000
0.00299898303459946700
0.00695439713796296300
0.00245780582291666700
0.00224937155000000000
0.03000000000000000000
0.00500000000000000000
0.00146121121354166700
0.00271525646031746000
0.00200000000000000000
0.00238171002407407400
0.00216893010667438300
0.00190475666111111100
0.00238633118715277800
0.00361768765729166700
0.00500000000000000000
0.00500000000000000000
0.01900000000000000000
0.00278441068275463000
0.01116406928993055600
0.00298681314849537000
0.00200000000000000000
0.00200000000000000000
0.00208240965185185200
0.00198131185509259300
0.00199900416473649200
0.00199966532446473900
0.00298879747183642000
0.00189098597916666700
0.00155758862071759300
0.00685675212577711600
0.00298831161222222200
0.00178465373708333300
0.00300000000000000000
0.00300000000000000000
0.00262879509027777800
0.00261644851726190500
0.00208243404166666700
0.00200000000000000000
0.00200000000000000000
0.00146115773611111100
0.00315574407407407400
0.00200000000000000000
0.00318372149305555600
0.00100000000000000000
0.00299427325665922600
0.01676518511741898100
0.00242044174768518500
0.00241995390046296300
0.00265874094361772500
0.00200000000000000000
0.00300000000000000000
0.00745017909071180600
0.00500000000000000000
0.00518737102447916700
0.00660979730606192100
0.00700000000000000000
0.00268981478148148100
0.00722564592847222200
0.00300000000000000000
0.00400000000000000000
0.00300000000000000000
0.00314647058530092600
0.00211847456828703700
0.00241990469218750000
0.00244438037152777800
0.00286402754560185200
0.00288301844259259300
0.00291558280347222200
0.00263327449398148100
0.00295542483055555600
0.00325788266111111100
0.00295125605034722200
0.00423184045694444400
0.00500000000000000000
0.00304692706770833300
0.00353258462824074100
0.00300000000000000000
0.00373763677453703700
0.00363805113368055600
0.00296645274814814800
0.00299356970902777800
0.00400290948472222200
0.00500000000000000000
0.00500000000000000000
0.00399249600509259300
0.00203718792222222200
0.00500000000000000000
0.00500000000000000000
0.00500000000000000000
0.00500000000000000000
0.00429298404814814800
0.00411732118210648100
0.00500000000000000000
0.00500000000000000000
0.00500000000000000000
0.00500000000000000000
0.00464973486655092600
0.00500000000000000000
0.00500000000000000000
0.00500000000000000000
0.00389310282679398100
0.00400000000000000000
0.00400000000000000000
0.00316184577199074100
0.00500000000000000000
0.00500000000000000000
0.00265746655932870400
0.00500000000000000000
0.00316669261435185200
0.00500000000000000000
0.00500000000000000000
0.00356748262690972200
0.00376262645925925900
0.00400000000000000000
0.00400000000000000000
0.00626755923003472200
0.00400000000000000000
0.00400000000000000000
0.00400000000000000000
0.00298971675648148100
0.00500000000000000000
