0.00500000000000000000
0.00500000000000000000
0.00500000000000000000
0.00500000000000000000
0.00500000000000000000
0.00299069507798611100
0.00400000000000000000
0.00500000000000000000
0.04500000000000000000
0.00400000000000000000
0.00600000000000000000
0.00296121825572916700
0.00285555382181713000
0.00500025521246527800
0.00382325073541666700
0.00394537037037037100
0.00388725465462963000
0.00202224377968750000
0.00219977570740740700
0.00300000000000000000
0.00290166166283068800
0.00648514888055555600
0.00204776793888888900
0.00966787768807870400
0.00249494082678571400
0.00221980007037037000
0.00300000000000000000
0.01500000000000000000
0.00121186476093750100
0.00500000000000000000
0.00500000000000000000
0.00968215129210069400
0.00400000000000000000
0.00344379143333333300
0.00392897330023148100
0.00500000000000000000
0.00500000000000000000
0.00500000000000000000
0.00599851395277777800
0.00400000000000000000
0.01000000000000000000
0.00360523780277777800
0.00350000000000000000
0.00500000000000000000
0.00279424674305555600
0.00400000000000000000
0.00300000000000000000
0.00300000000000000000
0.00247313124212963000
0.00110000000000000000
0.00300000000000000000
0.00295816911736111100
0.00271248043333333300
0.00492163198551794000
0.00263085912500000000
0.00400000000000000000
0.00366880040555555600
0.00881614259375000000
0.00369660511643518500
0.00903377728182870400
0.00900000000000000000
0.00364121939717261900
0.00381084285370370400
0.01000000000000000000
0.00739624857581018500
0.00925839399141203700
0.00500000000000000000
0.00500000000000000000
0.00500000000000000000
0.00500000000000000000
0.01492151512638888900
0.00460638646180555600
0.00398242044607843100
0.00494867156626157400
0.00500000000000000000
0.00603749093593750000
0.00697975665601851900
0.02000000000000000000
0.01000000000000000000
0.01000000000000000000
0.01000000000000000000
0.01000000000000000000
0.00966672106770833300
0.00966309744543650800
0.00833885674052372700
0.00900000000000000000
0.00860810318952546300
0.00814648527523148100
0.00800000000000000000
0.00710705241041666700
0.00707309096342592600
0.00619604933125000000
0.00600000000000000000
0.00500000000000000000
0.00500000000000000000
0.00500000000000000000
0.00500000000000000000
0.00900000000000000000
0.00500000000000000000
0.00500000000000000000
0.00500000000000000000
0.01500000000000000000
0.01500000000000000000
0.00500000000000000000
0.01500000000000000000
0.00445612374606481500
0.01400000000000000000
0.01244249334771825400
0.00477626264296875000
0.00500000000000000000
0.00500000000000000000
0.00500000000000000000
0.00500000000000000000
0.00432031791944444400
0.00394717472361111100
0.03749045528472222200
0.00500000000000000000
0.00400893596003086400
0.00430368036759259300
0.00399574349068287000
0.05026711304594907500
0.00500000000000000000
0.00389707152239583300
0.00304903592962963000
0.00400000000000000000
0.00454826824849537000
0.00500000000000000000
0.00500000000000000000
0.00423434571093750000
0.00400000000000000000
0.00500000000000000000
0.00500000000000000000
0.00100000000000000000
0.00399476502274305600
0.01752961773958333300
0.00300000000000000000
0.00500000000000000000
0.00588923892013888900
0.01000000000000000000
0.00687724656331018500
0.00684223633506944400
0.01498569881568287000
0.00645587941250000000
0.01302189899907407400
0.00796872435601851900
0.00767942947673611100
0.00998050244847222200
0.01701674368055555600
0.00699713493547453700
0.00200000000000000000
0.00600621606990740800
0.00699839576603009300
0.00903003062152777800
0.01318814642592592600
0.00828150702650463000
0.00999189331539351900
0.00828423210324074100
0.00998962753587963000
0.00802635579618055600
0.00212868191215277800
0.00714611350000000000
0.00497326389166666700
0.00976760096875000000
0.01500000000000000000
0.01199971971627314800
0.00900152545734953700
0.01761023417361111100
0.02343591740046296300
0.01865874612065972200
0.00799871141111111100
0.00999720558130787000
0.00999270988819444400
0.01610644041666666700
0.01895736473148148100
0.01489979527777777800
0.01599345282418981500
0.01807603301938657400
0.00999555953125000000
0.01862153074537037000
0.15785044075578703700
