0.04000000000000000000
0.02500000000000000000
0.02396163815763888900
0.00400000000000000000
0.00386723283780092600
0.00364994243750000000
0.00334533010925925900
0.00343691766996527800
0.10199089870370370400
0.00500000000000000000
0.15000000000000000000
0.03974570701504629600
0.00944874666280864200
0.01400000000000000000
0.01423596313506944400
0.00421618353055555600
0.00376146160543981500
0.00934693875057870400
0.00800000000000000000
0.02408922711458333300
0.00872496554097222200
0.00500000000000000000
0.18000000000000000000
0.00400000000000000000
0.02830986651851851900
0.00998455274855324100
0.12750000000000000000
0.01100000000000000000
0.00699561791111111100
0.01670000000000000000
0.01400000000000000000
0.00500000000000000000
0.01500000000000000000
0.01000000000000000000
0.01500000000000000000
0.00600000000000000000
0.01355432870370370400
0.01800000000000000000
0.04647132672031250000
0.02000000000000000000
0.01741772485972222200
0.01500000000000000000
0.00796856632574074100
0.00602421985071428500
0.00777000000000000000
0.00777000000000000000
0.01000000000000000000
0.00777000000000000000
0.00777000000000000000
0.00777000000000000000
0.00777000000000000000
0.01072332182677469100
0.00700000000000000000
0.01280000000000000000
0.00500000000000000000
0.00500000000000000000
0.01000000000000000000
0.00500000000000000000
0.00500000000000000000
0.01000000000000000000
0.00928142804444444400
0.00499619668010416700
0.07000000000000000000
0.04900000000000000000
0.02500000000000000000
0.01044962381279761900
0.01000000000000000000
0.01500000000000000000
0.00400000000000000000
0.00500000000000000000
0.00777000000000000000
0.01010653502619047600
0.00400000000000000000
0.00851960562305902800
0.00846678758344907400
0.00900000000000000000
0.00400000000000000000
0.00329370001041666700
0.00358637751342592600
0.01500000000000000000
0.00500000000000000000
0.00500000000000000000
0.00644501847395833300
0.12000000000000000000
0.00777000000000000000
0.00777000000000000000
0.00777000000000000000
0.00777000000000000000
0.01500000000000000000
0.00300000000000000000
0.01800000000000000000
0.00500000000000000000
0.00800000000000000000
0.00398057889664351900
0.01200000000000000000
0.08900000000000000000
0.00500000000000000000
0.01000000000000000000
0.00768283720300925900
0.00304299167291666700
0.12500000000000000000
0.07560361455555555600
0.00350262908379629600
0.02406136487888888900
0.00500000000000000000
0.00999944848944444400
0.02900000000000000000
0.00309576051693287000
0.10000000000000000000
0.03337799595466306600
0.00500000000000000000
0.00478327001562500000
0.00499166476642361100
0.01000000000000000000
0.00397842413680555600
0.05000000000000000000
0.02205966009652777800
0.02144082113769841300
0.00800000000000000000
0.01200000000000000000
0.00443982403472222200
0.00500000000000000000
0.00838193654021990700
0.00694761206493055600
0.00802007980000000000
0.00779092094586640200
0.01897868347222222200
0.01222550636229332000
0.00472082465486111100
0.03255147969357638900
0.00566931877083333300
0.09000000000000000000
0.00998634742662037000
0.00465375266501322800
0.09585406701719576700
0.00455511720046296300
0.06100000000000000000
0.03000000000000000000
0.00362855083692129600
0.00500000000000000000
0.00430041452462963000
0.02647708333333333500
0.01800000000000000000
0.00500000000000000000
0.00400000000000000000
0.00500000000000000000
0.00500000000000000000
0.00500000000000000000
0.01000000000000000000
0.04000000000000000000
0.02900000000000000000
0.00435193820131944400
0.00400000000000000000
0.01000000000000000000
0.00351159554165013200
0.00400000000000000000
0.00700000000000000000
0.02970000000000000000
0.15000000000000000000
0.00400000000000000000
0.00400851279010416700
0.10000000000000000000
0.12500000000000000000
0.00500000000000000000
0.00302059287858796400
0.00700000000000000000
0.09982693343055555600
0.01991462406388888900
0.00999686570283564800
0.01200000000000000000
0.00976317495234567900
0.05500000000000000000
0.01500000000000000000
0.00500000000000000000
0.00500000000000000000
0.01374946270630787000
0.01500000000000000000
0.14000000000000000000
0.12707870370370370400
0.00304976108032407400
