0.00200000000000000000
0.00900000000000000000
0.00500000000000000000
0.00390753363541666700
0.00110000000000000000
0.09500000000000000000
0.00200000000000000000
0.00900000000000000000
0.00500000000000000000
0.00390753363541666700
0.00110000000000000000
0.09500000000000000000
0.00200000000000000000
0.00900000000000000000
0.00500000000000000000
0.00390753363541666700
0.00110000000000000000
0.09500000000000000000
0.00200000000000000000
0.00900000000000000000
0.00500000000000000000
0.00390753363541666700
0.00110000000000000000
0.09500000000000000000
0.00200000000000000000
0.00900000000000000000
0.00500000000000000000
0.00390753363541666700
0.00110000000000000000
0.09500000000000000000
0.00200000000000000000
0.00900000000000000000
0.00500000000000000000
0.00390753363541666700
0.00110000000000000000
0.09500000000000000000
0.00200000000000000000
0.00900000000000000000
0.00500000000000000000
0.00390753363541666700
0.00110000000000000000
0.09500000000000000000
0.00200000000000000000
0.00900000000000000000
0.00500000000000000000
0.00390753363541666700
0.00110000000000000000
0.09500000000000000000
0.00200000000000000000
0.00900000000000000000
0.00500000000000000000
0.00390753363541666700
0.00110000000000000000
0.09500000000000000000
