0.04131741607083333300
0.03429564590162422800
0.00500000000000000000
0.09739386441793981500
0.04131741607083333300
0.03429564590162422800
0.00500000000000000000
0.09739386441793981500
0.04131741607083333300
0.03429564590162422800
0.00500000000000000000
0.09739386441793981500
0.04131741607083333300
0.03429564590162422800
0.00500000000000000000
0.09739386441793981500
0.04131741607083333300
0.03429564590162422800
0.00500000000000000000
0.09739386441793981500
0.04131741607083333300
0.03429564590162422800
0.00500000000000000000
0.09739386441793981500
0.04131741607083333300
0.03429564590162422800
0.00500000000000000000
0.09739386441793981500
0.04131741607083333300
0.03429564590162422800
0.00500000000000000000
0.09739386441793981500
0.04131741607083333300
0.03429564590162422800
0.00500000000000000000
0.09739386441793981500
