0.00647421459097222200
0.00999565600305555600
0.00400000000000000000
0.00400000000000000000
0.00465511220844907400
0.00999618055555555600
0.00335180733356481500
0.12855823845486111100
0.02993043290885416700
0.00500000000000000000
0.00999529706611989100
0.00500000000000000000
0.00899951190981713000
0.02900000000000000000
0.00500000000000000000
0.00351610090756172800
0.02900000000000000000
0.00500000000000000000
0.00500000000000000000
0.03594800482986111100
0.03901660572511574100
0.01200000000000000000
0.01500000000000000000
0.01500000000000000000
0.00500000000000000000
0.01671472194097222200
0.07992563657407407500
0.01000000000000000000
0.02800000000000000000
0.01400000000000000000
0.01187072504189814800
0.10234015239004629600
0.00500000000000000000
0.08600000000000000000
0.00777000000000000000
0.00777000000000000000
0.00400000000000000000
0.07500000000000000000
0.00777000000000000000
0.00777000000000000000
0.00777000000000000000
0.00777000000000000000
0.00777000000000000000
0.12970067604513888900
0.00500000000000000000
0.30856214302656250000
0.01100000000000000000
0.00300000000000000000
0.00961776544479166700
0.02000000000000000000
0.00298112897471064800
0.00300000000000000000
0.00700000000000000000
0.01000000000000000000
0.01900000000000000000
0.01000000000000000000
0.01175512994233631000
0.01608021533700396800
0.00355622692546296300
0.00500000000000000000
0.00500000000000000000
0.00399216575885416700
0.00300000000000000000
0.01500000000000000000
0.04000000000000000000
0.00324958966464120400
0.00500000000000000000
0.00500000000000000000
0.01480000000000000000
0.00500000000000000000
0.00500000000000000000
0.00777000000000000000
0.00777000000000000000
0.00500000000000000000
0.00777000000000000000
0.00287589548778935200
0.01500000000000000000
0.00471643712065972200
0.00400000000000000000
0.00400000000000000000
0.03000000000000000000
0.00300000000000000000
0.00334420083744213000
0.00914099431481481500
0.00357060441464120400
0.00907394810789351900
0.02716344691898148100
0.00500000000000000000
0.00997234201868686900
0.03329396264062500000
0.01495962293281250000
0.00400000000000000000
0.00500000000000000000
0.00500000000000000000
0.04974619364895833300
0.00300000000000000000
0.00900000000000000000
0.75000000000000000000
0.08000000000000000000
0.00500000000000000000
0.00500000000000000000
0.00500000000000000000
0.00907126175462963000
0.08591121935888310200
0.00972525923379629600
0.02893422767592592600
0.00500000000000000000
0.00998228194814814800
0.00700000000000000000
0.00500000000000000000
0.00995945627203703700
0.00900000000000000000
0.02300000000000000000
0.00400000000000000000
0.02500000000000000000
0.02900000000000000000
0.00500000000000000000
0.00500000000000000000
0.02500000000000000000
0.00492479651608796300
0.49940451600694444400
0.01500000000000000000
0.08207539225462963000
0.05000000000000000000
0.00918632585156250000
0.00396628642615740700
0.00300000000000000000
0.01000000000000000000
0.00900000000000000000
0.25000000000000000000
0.03000000000000000000
0.03749982622222222200
0.03500000000000000000
0.02000000000000000000
0.00652164744201388900
0.00900000000000000000
0.00338286446041666700
0.00400000000000000000
0.03500000000000000000
0.01000000000000000000
0.01992154161111111100
0.01817435439814814800
0.00900000000000000000
0.00900000000000000000
0.01558025853009259300
0.00347536343113425900
0.00419646083481481500
0.01000000000000000000
0.00368576861458333300
0.00390114920972222200
0.02100000000000000000
0.01379326926609760900
0.00500000000000000000
0.01000000000000000000
0.00706937930694444400
0.00701009352835648200
0.25000000000000000000
0.01000000000000000000
0.02000000000000000000
0.01000000000000000000
0.01000000000000000000
0.00600000000000000000
0.00300000000000000000
0.01000000000000000000
0.00500000000000000000
0.00431052981770833300
0.00422451105324074100
0.10000000000000000000
0.00500000000000000000
0.12400000000000000000
0.03900000000000000000
0.00500000000000000000
0.02438677404513888900
0.00300000000000000000
0.00874926200810185200
0.00279372540092592600
0.01000000000000000000
0.00500000000000000000
0.07000000000000000000
0.00359756148923611100
