0.00384314764907407400
0.00716516794212963000
0.00400000000000000000
0.04000000000000000000
0.06000000000000000000
0.00400000000000000000
0.01168322430900848800
0.00873661094375000000
0.01000000000000000000
0.00395186656168981500
0.00332363746006944400
0.03000000000000000000
0.00351226431882716000
0.12550783592592592600
0.01000000000000000000
0.00500000000000000000
0.01300000000000000000
0.01999716542515046300
0.00402212464272486800
0.00400000000000000000
0.01900000000000000000
0.00452063689074404800
0.00597962568802083300
0.00452245374671717200
0.08868181732337963000
0.01000000000000000000
0.01000000000000000000
0.02000000000000000000
0.00409643802083333300
0.00045705094907407400
0.01000000000000000000
0.00777000000000000000
0.00777000000000000000
0.00777000000000000000
0.00249447436435185200
0.00300000000000000000
0.01500000000000000000
0.08800000000000000000
0.37969574855902777800
0.00409873489228395100
0.00388016042133487700
0.00272027353888888900
0.01700000000000000000
0.02146081022222222200
0.00500000000000000000
0.00500000000000000000
0.00846425074284027800
0.08285478987731481500
0.00100000000000000000
0.00100000000000000000
0.00500000000000000000
0.00339170153645833300
0.00400000000000000000
0.15100000000000000000
0.00500000000000000000
0.00400173438611111100
0.02245007319907407400
0.27452335671087963000
0.00400000000000000000
0.02200000000000000000
0.15000000000000000000
0.00500000000000000000
0.05000000000000000000
0.06500000000000000000
0.06000000000000000000
0.00998827924351851900
0.00400000000000000000
0.00500000000000000000
0.01200000000000000000
0.00444123751111111100
0.01195800355711805600
0.00500000000000000000
0.00500000000000000000
0.00674351390625000000
0.00500000000000000000
0.00367014927893518500
0.00500000000000000000
0.00500000000000000000
0.01500000000000000000
0.05000000000000000000
0.00500000000000000000
0.01200000000000000000
0.05000000000000000000
0.06914074293750000000
0.03758362278047839500
0.00500000000000000000
3.33000000000000000000
0.00401260744713804700
0.01500000000000000000
0.02000000000000000000
0.10000000000000000000
0.01994905583096064800
0.10000000000000000000
0.00882899948495370400
0.00500000000000000000
0.00338707217679398100
0.01500000000000000000
0.00600000000000000000
0.01000000000000000000
0.00500000000000000000
0.00400000000000000000
0.00500000000000000000
0.00500000000000000000
0.01030906830815972200
0.00371807585721450600
0.02500000000000000000
0.04700000000000000000
0.00498596563203703700
0.00513846812000000100
0.03500000000000000000
0.00600000000000000000
0.00305042951134259300
0.03967009312430555600
0.00500000000000000000
0.00500000000000000000
0.08000000000000000000
0.00500000000000000000
0.06900000000000000000
0.03000000000000000000
0.01000000000000000000
0.00400000000000000000
0.02368858998182870400
0.00900000000000000000
0.05500000000000000000
0.01790000000000000000
0.00663736072698412700
0.04500000000000000000
0.04400000000000000000
0.04400000000000000000
0.00500000000000000000
0.04000000000000000000
0.00500000000000000000
0.04000000000000000000
0.03717930155092592600
0.04000000000000000000
0.00500000000000000000
0.00500000000000000000
0.03000000000000000000
0.00500000000000000000
0.03600000000000000000
0.05500000000000000000
0.03300000000000000000
0.07000000000000000000
0.01000000000000000000
0.03000000000000000000
0.03000000000000000000
0.02900000000000000000
0.00283505478518518500
0.02900000000000000000
0.00283539765462963000
0.00700000000000000000
0.10000000000000000000
0.00900000000000000000
1.50000000000000000000
1.25000000000000000000
0.14000000000000000000
0.12500000000000000000
0.00900000000000000000
0.01000000000000000000
0.00500000000000000000
0.00291851597164351900
0.05373507183777006200
0.05100000000000000000
0.05571096544475308600
0.05000000000000000000
0.05000000000000000000
0.05000000000000000000
0.05001586381481481500
0.05000000000000000000
0.00900000000000000000
0.04290662636805555600
0.00480566942476851900
0.01500000000000000000
0.00400000000000000000
0.00700000000000000000
0.02500000000000000000
0.00500000000000000000
0.00500000000000000000
0.00343004408587963000
0.03000000000000000000
