0.03986124346736111100
0.01473096878472222200
0.47859292636111111100
0.02000000000000000000
0.00222525427083333300
0.01497110359488017400
0.03035352400595238100
0.00998357626967592600
0.00358045044120370400
0.01676499363194444400
0.01273682269814814800
0.00800000000000000000
0.00981213981319444400
0.01000000000000000000
0.00387292276442129600
0.00912073068453703700
0.00408796294689153400
0.04000000000000000000
0.03455252048437500000
0.00988141323148148100
0.01600000000000000000
0.00500000000000000000
0.00322265837847222200
0.04990261798281250000
0.01000000000000000000
0.00994909241724537000
0.00900000000000000000
0.00390138975216049400
0.00500000000000000000
0.00300000000000000000
0.00500000000000000000
0.00777000000000000000
0.00175998002314814800
0.01000000000000000000
0.00400000000000000000
0.00400000000000000000
0.00400000000000000000
0.00698543491211419800
0.00300000000000000000
0.12979917810416666700
0.00400000000000000000
0.00883245178181944400
0.09990663084375000000
0.00500000000000000000
0.00500000000000000000
0.00500000000000000000
0.00300000000000000000
0.00500000000000000000
0.00500000000000000000
0.00500000000000000000
0.01500000000000000000
0.03600000000000000000
0.01522976924913194400
0.02578295480910493800
0.00300000000000000000
0.00800000000000000000
0.00400000000000000000
0.00664670218072916700
0.00997442669560185200
0.02500000000000000000
0.01455347455370370400
0.03500000000000000000
0.03935017091504629600
0.03000000000000000000
0.09840774348958333300
0.00500000000000000000
0.04930300997135416700
0.00500000000000000000
0.00388491936284722200
0.03000000000000000000
0.00900000000000000000
0.05000000000000000000
0.08900000000000000000
0.01200000000000000000
0.00500000000000000000
0.02500000000000000000
0.04647677099074074100
0.00322310063883101900
0.02400000000000000000
0.00351624725642361100
0.00699719261701388900
0.00448595932870370400
0.00500000000000000000
0.00800000000000000000
0.00500000000000000000
0.03500000000000000000
0.03800000000000000000
0.01902419700462963000
0.00360169349282407400
0.04723494482870370400
0.00315413715625000000
0.01000000000000000000
0.01000000000000000000
0.06155461117361111100
0.00500000000000000000
0.03350475604643582000
0.00300000000000000000
0.01968758902384259300
0.01867016533449074100
0.05900000000000000000
0.05958213948437500000
0.05000000000000000000
0.04400000000000000000
0.04000000000000000000
0.00500000000000000000
0.00500000000000000000
0.00500000000000000000
0.00500000000000000000
0.00500000000000000000
0.07991880059027777800
0.00500000000000000000
0.00500000000000000000
0.00200405117812500100
0.00500000000000000000
0.00500000000000000000
0.00500000000000000000
0.31000000000000000000
0.00367162708269675900
0.00800000000000000000
0.00446321212715277800
0.01900000000000000000
0.00449609030638888900
0.00800000000000000000
0.03000000000000000000
0.02900000000000000000
0.00400000000000000000
0.01100000000000000000
0.01472452163877314800
0.08113952546296296400
0.00289740651527777800
0.06000000000000000000
0.00499394447511574100
0.00540228365162037000
0.14000000000000000000
0.05000000000000000000
0.00999821772812500000
0.02000000000000000000
0.02995587484953703700
0.00300000000000000000
0.00751842403125000000
0.01000000000000000000
0.00500000000000000000
0.00500000000000000000
0.00300000000000000000
0.03000000000000000000
0.01500000000000000000
0.03384723456192129600
0.00800000000000000000
0.00500000000000000000
0.01602662866424291900
0.00100000000000000000
0.01600000000000000000
0.02300000000000000000
0.00792325384704416000
0.00500000000000000000
0.04985956915451388900
0.04900000000000000000
0.05000000000000000000
0.00500000000000000000
0.00500000000000000000
0.00400000000000000000
0.00500000000000000000
0.00700000000000000000
0.02800000000000000000
0.00400000000000000000
0.03000000000000000000
0.00374022750972222200
0.00327156880543981500
0.00287749212777777800
0.00995094132398148100
0.00500000000000000000
0.00487579339638047100
0.00257207889791666700
0.00500000000000000000
0.02000000000000000000
0.00257252377760416700
0.00800000000000000000
0.00801588096805555600
0.08500000000000000000
0.08900000000000000000
