0.00329158131296296300
0.16746229300925925900
0.01200000000000000000
0.00952447506909722200
0.00500000000000000000
1.69456673101851851900
1.19852877867283950600
0.01300000000000000000
0.00299978436964066800
0.01500000000000000000
0.01000000000000000000
0.02000000000000000000
0.00500000000000000000
0.00967616396712963000
0.00880764101548032400
0.02000000000000000000
0.01000000000000000000
0.04989206913281250000
0.00400000000000000000
0.00491689352606481500
0.01079756433912037000
0.00500000000000000000
0.02000000000000000000
0.01027657244043209900
0.00062457453703703700
0.00184953763888888900
0.00300000000000000000
0.04214609633796296300
0.01200000000000000000
0.00500000000000000000
0.00800000000000000000
0.00200000000000000000
0.00337491176041666700
0.03093369257407407400
0.00500000000000000000
0.00300000000000000000
0.00748301673408564800
0.01000000000000000000
0.01000000000000000000
0.00740000000000000000
0.00700000000000000000
0.00300000000000000000
0.00348788348041666700
0.00500000000000000000
0.03747988292199074100
0.00400000000000000000
0.15000000000000000000
0.00278871299884259300
0.00390447819444444400
0.15000000000000000000
0.01091069946531635800
0.00336501669913194400
0.03535619636805555600
0.00799000000000000000
0.00500000000000000000
0.00600000000000000000
0.02909206817482638900
0.00294830626574074100
0.00500000000000000000
0.00500000000000000000
0.00500000000000000000
0.00300000000000000000
0.10000000000000000000
0.00800000000000000000
0.00443109044884259300
0.00800000000000000000
0.01000000000000000000
0.00500000000000000000
0.00400000000000000000
0.06659455793518518500
0.00350644795196759300
0.00500000000000000000
0.00414072373333333300
0.04900000000000000000
0.00400000000000000000
0.03606914542291666700
0.02055851449189814800
0.00332629065121527800
0.00596947993414351900
0.04000000000000000000
0.00500000000000000000
0.00716561231307870400
0.01000000000000000000
0.00419879295444444400
0.00500000000000000000
0.00999818794666666700
0.00465922471905864200
0.00900000000000000000
0.08878052949845679000
0.06000000000000000000
0.02955163318865740700
0.05700000000000000000
0.01500000000000000000
0.00300000000000000000
0.00500000000000000000
0.00200291084427910100
0.00500000000000000000
0.00500000000000000000
0.00500000000000000000
0.00400000000000000000
0.00500000000000000000
0.00777000000000000000
0.00500000000000000000
0.00790306899382716000
0.10000000000000000000
0.01000000000000000000
0.01000000000000000000
0.03000000000000000000
0.04000000000000000000
0.03000000000000000000
0.00282989967141203700
0.02900000000000000000
0.04062696932368827200
0.00500000000000000000
0.00500000000000000000
0.01200000000000000000
0.00346178041273148100
0.00462646542708333300
0.00500000000000000000
0.03802265158487461500
0.00324154248802083300
0.00500000000000000000
0.00394031406317515400
0.00500000000000000000
0.04500000000000000000
0.00884746931527777800
0.25000000000000000000
0.02500000000000000000
0.03400000000000000000
0.00600000000000000000
0.00287152743518518500
0.00200000000000000000
0.01500000000000000000
0.00373444069398148100
0.00492812096018518500
0.00500000000000000000
0.00500000000000000000
0.00224641989652777800
0.01400000000000000000
0.01100000000000000000
0.01000000000000000000
0.00500000000000000000
0.01116162585500578700
0.10000000000000000000
0.00500000000000000000
0.02200000000000000000
0.01900000000000000000
0.01500000000000000000
0.88000000000000000000
0.00398232451871693100
0.20000000000000000000
0.05000000000000000000
0.00931788844994213000
0.30000000000000000000
0.00500000000000000000
0.01201982193180555600
0.00900000000000000000
0.00171901484531250000
0.00600000000000000000
0.01155136628891203700
0.00500000000000000000
0.11100000000000000000
0.00500000000000000000
0.00564698914753787900
0.00463920285092592600
0.00600000000000000000
0.00500000000000000000
0.02597438625462963000
0.01000000000000000000
0.00300000000000000000
0.06000000000000000000
0.00500000000000000000
0.12886951631944444400
0.00260239462395833300
0.00427427000000000000
0.00500000000000000000
0.04000000000000000000
0.00404403999999999900
0.00500000000000000000
0.00400399999999999900
