0.03972814804552469100
0.03000000000000000000
0.01000000000000000000
0.00428326723549382700
0.01518747903148148100
0.03931279427951388900
0.01500000000000000000
0.08887214236419753100
0.01600000000000000000
0.01278138007060185200
0.01000000000000000000
0.00400000000000000000
0.00300000000000000000
0.01000000000000000000
0.02424039400925926000
0.03482540897245370400
0.00300000000000000000
0.00500000000000000000
0.00382258532662037000
0.01000000000000000000
0.15000000000000000000
0.00500000000000000000
0.09000000000000000000
0.04606650846726190500
0.00300000000000000000
0.00500000000000000000
0.00500000000000000000
0.00300000000000000000
0.02000000000000000000
0.02909838595972222200
0.00300000000000000000
0.00300000000000000000
0.00471698117370370400
0.00412993835580808100
0.00400000000000000000
0.11316223859722222200
0.00500000000000000000
0.07999999840724813300
0.00500000000000000000
0.00500000000000000000
0.11290239250000000000
0.03983301740300925900
0.02000000000000000000
0.00300000000000000000
0.02084076826388888900
0.00500000000000000000
0.00231971079166666700
0.00500000000000000000
0.02953989375960648100
0.03000000000000000000
0.01000000000000000000
0.00500000000000000000
0.00421700208879629600
0.00900000000000000000
0.00900000000000000000
0.00900000000000000000
0.00900000000000000000
0.02000000000000000000
0.03900000000000000000
0.00200393903958333400
0.05539048553767361200
0.00300000000000000000
0.00200000000000000000
0.04000000000000000000
0.04000000000000000000
0.00500000000000000000
0.00500000000000000000
0.00500000000000000000
0.00500000000000000000
0.00399204304386574100
0.00500000000000000000
0.00600000000000000000
0.00500000000000000000
0.00500000000000000000
0.00822184441085648100
0.00400000000000000000
0.00400000000000000000
0.01620797869444444400
0.00500000000000000000
0.00657391322829861100
0.00200000000000000000
0.00552931123657407400
0.00400000000000000000
0.00500000000000000000
0.00200000000000000000
0.00900000000000000000
0.00600000000000000000
0.00457313408964646500
0.00500000000000000000
0.00300000000000000000
0.04200000000000000000
0.00500000000000000000
0.00300000000000000000
0.00500000000000000000
0.00800000000000000000
0.10000000000000000000
0.11000000000000000000
0.05000000000000000000
0.00700000000000000000
0.00500000000000000000
0.00300000000000000000
0.01264937950370370400
0.00600000000000000000
0.00478649943807870400
0.00600000000000000000
0.00500000000000000000
0.00769290313296296300
0.00300000000000000000
0.00300000000000000000
0.01500000000000000000
0.00500000000000000000
0.00512978290605709900
0.00500000000000000000
0.00500000000000000000
0.04521102927777777800
0.01000000000000000000
0.00500000000000000000
0.15000000000000000000
0.00500000000000000000
0.00500000000000000000
0.00500000000000000000
0.00500000000000000000
0.00500000000000000000
0.00500000000000000000
0.11100000000000000000
0.11100000000000000000
0.00361640584768518500
0.15000000000000000000
0.04000000000000000000
0.10000000000000000000
0.00670619722065972200
0.00800000000000000000
0.00278786552615740700
0.00500000000000000000
0.01000000000000000000
0.00800000000000000000
0.00968382407407407500
0.00918650313700810200
0.00983119768500000000
0.03000000000000000000
0.01864383046131944400
0.04200000000000000000
0.00217925663281250000
0.00300000000000000000
0.00193507520677083300
0.00467467000000000000
0.00222086191562500000
0.01000000000000000000
0.11000000000000000000
0.00397386227164351900
0.01000000000000000000
0.00395395000000000000
0.00396396000000000000
0.00394394000000000000
0.00400399999999999900
0.00447447000000000000
0.01000000000000000000
0.00500000000000000000
0.01086841332253086400
0.00900000000000000000
0.00800000000000000000
0.00900000000000000000
0.00661833326574074100
0.05000000000000000000
0.00400000000000000000
0.00600000000000000000
0.00582406122800925900
0.00500000000000000000
0.00500000000000000000
0.00500000000000000000
0.00439986088235294100
0.00400000000000000000
0.00400000000000000000
0.00300000000000000000
0.00300000000000000000
0.00421944400000000000
0.00400000000000000000
0.00400000000000000000
0.00300000000000000000
0.00400000000000000000
