0.00700000000000000000
0.09905074649884259300
0.06351682041666666700
0.01757899391319444400
0.00339397057685185200
0.01000000000000000000
0.00997635476031250000
0.02291342121882716000
0.00299978468795953700
0.01194030586356481500
0.02000000000000000000
0.00870674088454861100
0.00300000000000000000
0.02000000000000000000
0.01900000000000000000
0.00316504713333333300
0.00587568620567129600
0.00524874803591269800
0.07800000000000000000
0.00327213925659722200
0.00500000000000000000
0.00300000000000000000
0.00500000000000000000
0.00400000000000000000
0.02000000000000000000
0.00300000000000000000
0.00500000000000000000
0.00600000000000000000
0.00900000000000000000
0.00900000000000000000
0.00800000000000000000
0.00270992325416666700
0.09520000000000000000
0.01000000000000000000
0.00267578336597222200
0.00500000000000000000
0.00900000000000000000
2.42000000000000000000
0.00345760582268518500
0.00225764537083333300
0.00500000000000000000
0.01000000000000000000
0.00900000000000000000
0.00330000000000000000
0.00386581736296296300
0.01998242199787808600
0.00300000000000000000
0.02000000000000000000
0.00361810104097222200
0.00429033893449074100
0.00558894842929012300
0.15100000000000000000
0.05000000000000000000
0.03908409106095679000
0.04500000000000000000
0.00500000000000000000
0.04000000000000000000
0.00500000000000000000
0.00500000000000000000
0.00500000000000000000
0.00500000000000000000
0.01838010065509259300
0.00500000000000000000
0.00400020139375000000
0.00500000000000000000
0.10819599620520833300
0.00600000000000000000
0.00500000000000000000
0.00500000000000000000
0.01800000000000000000
0.00777000000000000000
0.03970000000000000000
0.01295560481250000000
0.00600000000000000000
0.02000000000000000000
0.00900000000000000000
0.02167675884606481500
0.05000000000000000000
0.00777000000000000000
0.00500000000000000000
0.00100000000000000000
0.00400000000000000000
0.00400000000000000000
0.00500000000000000000
0.00500000000000000000
0.20000000000000000000
0.00777000000000000000
0.01243920887500000000
0.00900000000000000000
0.00323829918796296300
0.00800000000000000000
0.00600000000000000000
0.07000000000000000000
0.00500000000000000000
0.00485393758092013900
0.13300000000000000000
0.00500000000000000000
0.01100000000000000000
0.00368219812500000000
0.00375324469756944400
0.00564125529629629600
0.00270634919389881000
0.00207070961250000000
0.00231461418229166700
0.00484484000000000000
0.00500000000000000000
0.00396396000000000000
0.00395395000000000000
0.01000000000000000000
0.00400399999999999900
0.00400399999999999900
0.03000000000000000000
0.00300300000000000000
0.00417416999999999900
0.00400399999999999900
0.00421421000000000000
0.00400399999999999900
0.00400399999999999900
0.04878015348726851900
0.01694240779481540800
0.00500000000000000000
0.00400000000000000000
0.01100000000000000000
0.01000000000000000000
0.00400000000000000000
0.01000000000000000000
0.00500000000000000000
0.00500000000000000000
0.00500000000000000000
0.00500000000000000000
0.00500000000000000000
0.00449253337499999900
0.00432753600000000000
0.00800000000000000000
0.00400000000000000000
0.00400000000000000000
0.00400000000000000000
0.00400000000000000000
0.00400000000000000000
0.00400000000000000000
0.00400000000000000000
0.00300000000000000000
0.00300000000000000000
0.00300000000000000000
0.00300000000000000000
0.04492036159722222200
0.00200000000000000000
0.00400000000000000000
0.00199521880445601900
0.00400000000000000000
0.00300000000000000000
0.00500000000000000000
0.00100000000000000000
0.04900000000000000000
0.04000000000000000000
0.04000000000000000000
0.00300000000000000000
0.04000000000000000000
0.03900000000000000000
0.02396815054586805600
0.04800000000000000000
0.04200000000000000000
0.04500000000000000000
0.05000000000000000000
0.00900000000000000000
0.04000000000000000000
0.05000000000000000000
0.01264497081111111100
0.04000000000000000000
0.00275179150185185200
0.03000000000000000000
0.03000000000000000000
0.04000000000000000000
0.03800000000000000000
0.00648792742083333300
0.00363386628000000000
0.03500000000000000000
0.00500000000000000000
0.03800000000000000000
0.00395190961120370400
